
6613351147.702601, [2.4e+04 2.8e-02 3.0e+01 1.8e-08 3.6e+07]
5057024972.494902, [2.52e+04 2.80e-02 3.00e+01 1.80e-08 3.60e+07]
5610327817.974219, [2.40e+04 2.94e-02 3.00e+01 1.80e-08 3.60e+07]
6520767429.421112, [2.40e+04 2.80e-02 3.15e+01 1.80e-08 3.60e+07]
9139076151.166065, [2.40e+04 2.80e-02 3.00e+01 1.89e-08 3.60e+07]
6430458999.408169, [2.40e+04 2.80e-02 3.00e+01 1.80e-08 3.78e+07]
5065836988.321871, [2.448e+04 2.856e-02 3.060e+01 1.710e-08 3.672e+07]
4840262314.382018, [2.4672e+04 2.8784e-02 3.0840e+01 1.7640e-08 3.7008e+07]
4231826426.1163297, [2.5008e+04 2.9176e-02 3.1260e+01 1.7460e-08 3.7512e+07]
4208274591.063092, [2.50752e+04 2.92544e-02 2.92440e+01 1.74240e-08 3.76128e+07]
3643386018.411764, [2.56128e+04 2.98816e-02 2.81160e+01 1.71360e-08 3.84192e+07]
3478930183.829665, [2.572032e+04 3.000704e-02 2.999040e+01 1.707840e-08 3.606048e+07]
3256552843.8584995, [2.658048e+04 3.101056e-02 2.998560e+01 1.661760e-08 3.519072e+07]
3553777385.6722345, [2.6752512e+04 2.9251264e-02 2.9984640e+01 1.6525440e-08 3.7536768e+07]
3126653816.9129705, [2.71815168e+04 3.03677696e-02 2.91384960e+01 1.71956160e-08
 3.71434752e+07]
3889762709.3356986, [2.85322752e+04 3.12716544e-02 2.84077440e+01 1.72434240e-08
 3.73552128e+07]
4011672165.85039, [2.72541235e+04 3.18748774e-02 2.93938944e+01 1.59738624e-08
 3.83208653e+07]
4953648057.066509, [2.83445729e+04 3.17784284e-02 2.73874522e+01 1.59194074e-08
 3.71324114e+07]
3496240922.7707205, [2.58421432e+04 2.98266071e-02 3.02918630e+01 1.70748518e-08
 3.74171028e+07]
 ---
 
6613351147.702601, 24000.0, 0.028, 30.0, 1.8000000000000002e-08, 36000000.0
5057024972.494902, 25200.0, 0.028, 30.0, 1.8000000000000002e-08, 36000000.0
5610327817.974219, 24000.0, 0.029400000000000003, 30.0, 1.8000000000000002e-08, 36000000.0
6520767429.421112, 24000.0, 0.028, 31.5, 1.8000000000000002e-08, 36000000.0
9139076151.166065, 24000.0, 0.028, 30.0, 1.8900000000000004e-08, 36000000.0
6430458999.408169, 24000.0, 0.028, 30.0, 1.8000000000000002e-08, 37800000.0
5065836988.321871, 24480.0, 0.02856, 30.6, 1.71e-08, 36720000.0
4840262314.382018, 24672.0, 0.028784, 30.839999999999996, 1.7640000000000004e-08, 37008000.0
4231826426.1163297, 25008.0, 0.029176, 31.25999999999999, 1.7460000000000005e-08, 37512000.0
4208274591.063092, 25075.199999999997, 0.029254400000000003, 29.243999999999993, 1.7424000000000004e-08, 37612800.0
3643386018.411764, 25612.79999999999, 0.0298816, 28.115999999999985, 1.7136000000000002e-08, 38419200.0
3478930183.829665, 25720.319999999992, 0.030007039999999995, 29.990399999999987, 1.7078400000000004e-08, 36060480.0
3256552843.8584995, 26580.47999999998, 0.031010559999999986, 29.985599999999977, 1.6617600000000002e-08, 35190720.0
3553777385.6722345, 26752.511999999988, 0.029251263999999992, 29.984639999999978, 1.652544e-08, 37536768.0
3126653816.9129705, 27181.516799999983, 0.030367769599999993, 29.138495999999975, 1.7195616e-08, 37143475.2
3889762709.3356986, 28532.275199999975, 0.031271654399999994, 28.407743999999965, 1.7243424e-08, 37355212.80000001
4011672165.85039, 27254.12351999998, 0.03187487743999999, 29.393894399999965, 1.5973862400000004e-08, 38320865.28
4953648057.066509, 28344.572927999965, 0.03177842841599998, 27.387452159999967, 1.591940736e-08, 37132411.39199999
3496240922.7707205, 25842.14323199999, 0.029826607103999994, 30.291863039999985, 1.7074851840000004e-08, 37417102.848
4444141295.97165, 25533.657292799995, 0.028260242841599996, 29.612745215999993, 1.7845940736000004e-08, 35962041.1392
3491437476.55832, 26824.006963199983, 0.03097121879039999, 29.448607103999972, 1.6441881984000002e-08, 37731159.2448
3724376228.201842, 27659.46359807998, 0.030689367797759978, 31.423682457599966, 1.6406155929600006e-08, 35588490.11712
3398485453.0590363, 26124.465899519986, 0.030083541949439997, 28.94292061439998, 1.69535389824e-08, 37711522.52928
2987063122.9502745, 26268.533157887985, 0.031652614977535985, 29.138354703359987, 1.7187955522560007e-08, 36540823.928831995
2671037273.513921, 26026.543736831984, 0.03285329046630399, 28.71521205504, 1.751921328384001e-08, 36042851.89324799
3513312523.916919, 27252.66212782077, 0.03228794521845759, 28.200471269375978, 1.6816288260096004e-08, 36110788.698931195
3257575799.1977882, 26194.772955955188, 0.03044194163261439, 29.76901509734398, 1.7010210945024004e-08, 37090524.3107328
2914823050.0639157, 26019.104793722854, 0.030931622668943358, 29.17189040271359, 1.767658970050561e-08, 35540478.328504324
2665649267.5862174, 26676.501415084007, 0.03215853179770468, 29.76916480763903, 1.745415298934785e-08, 34691697.36371405
2338639392.8593893, 26952.519172866014, 0.03319602672183701, 30.182286904258547, 1.7704459992821778e-08, 33181784.78093107
2405876780.161504, 26909.29284541314, 0.03290176615021935, 29.108379047460858, 1.7675180645842957e-08, 33749199.77034056
2016793104.8297064, 26655.11093953361, 0.03308963024292149, 28.540905763789212, 1.849082384920414e-08, 35072395.98920958
4581385798.5921335, 26692.426409300417, 0.03412916536438225, 27.818558645683822, 1.942743577380621e-08, 35013233.98381436
2157280640.7527714, 25843.511795347054, 0.03482116490009009, 29.148973669304908, 1.8430890988885793e-08, 32291209.1048934
1807911775.1241107, 26935.686602273865, 0.035813128723605404, 29.106412573227825, 1.8251637803732263e-08, 32594498.286944717
1808557807.7689557, 27393.977506549367, 0.03825388175093643, 29.073673658484942, 1.853916185534559e-08, 31121508.266164914
1875981487.6836748, 27291.904805341488, 0.03507539622916535, 29.71957112817654, 1.8701984028354758e-08, 30712783.279679745
2548577234.0842996, 26562.200480731677, 0.035896372576828386, 29.570880968041955, 1.895673801935654e-08, 31791868.806322835
2049594492.458161, 26822.519754242774, 0.03365041775687161, 29.224004527606134, 1.7995569989221353e-08, 33259867.029336132
2869238836.60534, 26466.974385829504, 0.03578386841922457, 28.113660160583308, 1.9043902670937547e-08, 32390516.69509437
1988889162.8425312, 26831.132976106885, 0.0338429871461839, 29.665130218339737, 1.803932066235072e-08, 32983967.759471893
2093920652.2505417, 27971.030235652397, 0.03376745913940901, 29.35343601515087, 1.8160843544259504e-08, 33558195.83296343
1860960025.3373885, 27439.150625576065, 0.03403088557957928, 29.302320428689377, 1.8228355405416075e-08, 33241449.150945924
1712389642.642292, 27238.67462528998, 0.035090393411710566, 29.30973151728294, 1.8689278710401827e-08, 32582170.757164605
2247661039.998106, 27446.752060813575, 0.03581038123913005, 29.35259501212134, 1.903613307099206e-08, 32243322.621078834
1781298110.7307377, 27639.508914301696, 0.036451486193176307, 30.300360582497355, 1.8273406794898114e-08, 29773551.704473175
1802597093.4633222, 27786.837253006357, 0.03674152890871085, 29.43022827360988, 1.88185444347705e-08, 30577813.512211367
2161142922.553446, 27524.038402837694, 0.03617557289754761, 29.260050221946415, 1.820250523133275e-08, 32795010.085016176
1656658760.5412722, 27349.938204715538, 0.03535044039626091, 29.60469090161901, 1.8577114329099258e-08, 31233339.981013853
1933723037.1500146, 27341.10761425891, 0.03774790547380633, 29.798249110605425, 1.8815637423744704e-08, 29463100.545777157
1699831701.2397585, 27414.639872746775, 0.03496014055313604, 29.426302599168388, 1.837517590999823e-08, 32296861.999653734
1918061594.5021293, 28036.152945750273, 0.03562446706159247, 30.12211297644321, 1.8841770267934915e-08, 29990996.894861966
1678026649.2122726, 27210.803188142967, 0.03576596330810217, 29.36033767403167, 1.8399170919782926e-08, 31943622.93892403
1897939948.759081, 26954.588669072422, 0.03430584063624355, 29.77034103622987, 1.8107114230901643e-08, 32554005.440280378
1642245521.4785347, 27578.775107022873, 0.03613260684059402, 29.51525646426488, 1.8640686883803283e-08, 31071861.49422862
1892510956.0592456, 27077.62348486555, 0.03446833161074516, 28.586167080049393, 1.8799163906336097e-08, 33877591.16392076
1662108165.869365, 27499.03755694266, 0.03595569754756852, 29.871812206885366, 1.840484607275761e-08, 30799561.569335073
1784615231.617001, 27582.602946538336, 0.0361755460465541, 29.801628421104787, 1.82695189357747e-08, 30355928.436097518
1640253804.6445289, 27324.65670560207, 0.03536168157042145, 29.4327057432384, 1.8584338766745045e-08, 32025610.17689783
1690132399.4470081, 27370.64443222367, 0.036466415312042796, 29.68761859684735, 1.866728687887702e-08, 30532736.46450603
1637821373.0890143, 27381.64329235445, 0.03608984662231611, 29.622289597427613, 1.8594259136657325e-08, 30973767.848292958
1740074595.6924424, 27642.81715851207, 0.035790145882762234, 29.85836429134244, 1.872132715584208e-08, 30498033.488983296
1635638486.995228, 27318.806680735244, 0.03577200895176719, 29.48484432835936, 1.8479709978797714e-08, 31582225.576438844
1759872335.405332, 27282.490439229405, 0.035526936204975344, 29.19210260707834, 1.874559756528344e-08, 31955160.46141377
1628403970.8406034, 27444.900777514347, 0.035848507211920226, 29.70188480693361, 1.8490033945889067e-08, 31088461.292354748
1642714511.5175607, 27469.574820576054, 0.036331420082546695, 29.49810147447053, 1.8538497155657716e-08, 31463430.574271347
1628181713.4942627, 27439.665666610927, 0.03608617516097525, 29.524748831257646, 1.85481514490181e-08, 31405907.925956972
1650698176.7686827, 27185.094142103942, 0.03553068096636608, 29.591332858621776, 1.8437910427039615e-08, 31758527.63374793
1628090970.3232577, 27480.35486579314, 0.03598212537203704, 29.534275562854106, 1.8589992769612366e-08, 31243528.02910845
1644632085.6275373, 27501.49180760117, 0.03654978375718487, 29.714511507494535, 1.8496520145244782e-08, 30491946.09196295
1628315920.0915353, 27368.865481101842, 0.035658707117112304, 29.503157184302435, 1.8562384111369977e-08, 31642194.15566411
1645834225.4594212, 27439.39409634775, 0.035649162903208687, 29.477274688055243, 1.847384976521757e-08, 31811158.943516288
1627302229.8728275, 27396.080993352774, 0.03597967569253925, 29.586035870084523, 1.8564156793797387e-08, 31183115.62209879
1637762945.8451123, 27533.140433013978, 0.036050067270066447, 29.655196573813566, 1.8622177649077043e-08, 31043057.23363439
1627673834.3408635, 27372.390118804928, 0.035841523531342, 29.52743238972291, 1.8515326896367546e-08, 31447433.49073773
1634271448.7020788, 27378.042072751094, 0.03597077553768211, 29.368375128355044, 1.8621970862177086e-08, 31680410.397071674
1625441998.576411, 27428.186101323532, 0.035879074293360694, 29.618507387288968, 1.8523018174961073e-08, 31236448.56853398
1630866270.7465305, 27477.805617252277, 0.03624872250298938, 29.613242832180827, 1.8533874322132617e-08, 30964379.29891026
1625670825.1839447, 27396.10051513945, 0.035806210963581574, 29.530678596272033, 1.8555256664060637e-08, 31472740.441475645
1628536215.6954937, 27389.579371154607, 0.035709268780168966, 29.59402309123137, 1.8550949070501502e-08, 31227398.534824863
1625822290.4488378, 27427.144092746847, 0.03599194856577368, 29.542067396251078, 1.8548850854388953e-08, 31361280.578173943
1630912314.1149187, 27327.605862753873, 0.035817247846601834, 29.5876130929937, 1.8492650983817872e-08, 31436879.451299585
1625522762.4182565, 27442.167615033322, 0.035940905990678236, 29.547609945389006, 1.8565657323163744e-08, 31291865.884656236
1628842924.5629485, 27463.481608233444, 0.03599760267103139, 29.60252728839132, 1.8587449027781176e-08, 31170746.9472377
1625646917.106893, 27395.162991162055, 0.03588054331626435, 29.546206114390014, 1.8533357429220952e-08, 31378261.85486272
1627238425.2215412, 27439.423532809302, 0.03581979755932416, 29.527991905751918, 1.8526299384520754e-08, 31513123.308982223
6613351147.702601, 24000, 0.028, 30.0, 1.8000000000000002e-08, 36000000.0
--
6613351147.702601, 24000.0, 0.028, 30.0, 1.8000000000000002e-08, 36000000.0
5057024972.494902, 25200.0, 0.028, 30.0, 1.8000000000000002e-08, 36000000.0
5610327817.974219, 24000.0, 0.029400000000000003, 30.0, 1.8000000000000002e-08, 36000000.0
6520767429.421112, 24000.0, 0.028, 31.5, 1.8000000000000002e-08, 36000000.0
9139076151.166065, 24000.0, 0.028, 30.0, 1.8900000000000004e-08, 36000000.0
6430458999.408169, 24000.0, 0.028, 30.0, 1.8000000000000002e-08, 37800000.0
5065836988.321871, 24480.0, 0.02856, 30.6, 1.71e-08, 36720000.0
4840262314.382018, 24672.0, 0.028784, 30.839999999999996, 1.7640000000000004e-08, 37008000.0
4231826426.1163297, 25008.0, 0.029176, 31.25999999999999, 1.7460000000000005e-08, 37512000.0
4208274591.063092, 25075.199999999997, 0.029254400000000003, 29.243999999999993, 1.7424000000000004e-08, 37612800.0
3643386018.411764, 25612.79999999999, 0.0298816, 28.115999999999985, 1.7136000000000002e-08, 38419200.0
3478930183.829665, 25720.319999999992, 0.030007039999999995, 29.990399999999987, 1.7078400000000004e-08, 36060480.0
3256552843.8584995, 26580.47999999998, 0.031010559999999986, 29.985599999999977, 1.6617600000000002e-08, 35190720.0
3553777385.6722345, 26752.511999999988, 0.029251263999999992, 29.984639999999978, 1.652544e-08, 37536768.0
3126653816.9129705, 27181.516799999983, 0.030367769599999993, 29.138495999999975, 1.7195616e-08, 37143475.2
3889762709.3356986, 28532.275199999975, 0.031271654399999994, 28.407743999999965, 1.7243424e-08, 37355212.80000001
4011672165.85039, 27254.12351999998, 0.03187487743999999, 29.393894399999965, 1.5973862400000004e-08, 38320865.28
4953648057.066509, 28344.572927999965, 0.03177842841599998, 27.387452159999967, 1.591940736e-08, 37132411.39199999
3496240922.7707205, 25842.14323199999, 0.029826607103999994, 30.291863039999985, 1.7074851840000004e-08, 37417102.848
4444141295.97165, 25533.657292799995, 0.028260242841599996, 29.612745215999993, 1.7845940736000004e-08, 35962041.1392
3491437476.55832, 26824.006963199983, 0.03097121879039999, 29.448607103999972, 1.6441881984000002e-08, 37731159.2448
3724376228.201842, 27659.46359807998, 0.030689367797759978, 31.423682457599966, 1.6406155929600006e-08, 35588490.11712
3398485453.0590363, 26124.465899519986, 0.030083541949439997, 28.94292061439998, 1.69535389824e-08, 37711522.52928
2987063122.9502745, 26268.533157887985, 0.031652614977535985, 29.138354703359987, 1.7187955522560007e-08, 36540823.928831995
2671037273.513921, 26026.543736831984, 0.03285329046630399, 28.71521205504, 1.751921328384001e-08, 36042851.89324799
3513312523.916919, 27252.66212782077, 0.03228794521845759, 28.200471269375978, 1.6816288260096004e-08, 36110788.698931195
3257575799.1977882, 26194.772955955188, 0.03044194163261439, 29.76901509734398, 1.7010210945024004e-08, 37090524.3107328
2914823050.0639157, 26019.104793722854, 0.030931622668943358, 29.17189040271359, 1.767658970050561e-08, 35540478.328504324
2665649267.5862174, 26676.501415084007, 0.03215853179770468, 29.76916480763903, 1.745415298934785e-08, 34691697.36371405
2338639392.8593893, 26952.519172866014, 0.03319602672183701, 30.182286904258547, 1.7704459992821778e-08, 33181784.78093107
2405876780.161504, 26909.29284541314, 0.03290176615021935, 29.108379047460858, 1.7675180645842957e-08, 33749199.77034056
2016793104.8297064, 26655.11093953361, 0.03308963024292149, 28.540905763789212, 1.849082384920414e-08, 35072395.98920958
4581385798.5921335, 26692.426409300417, 0.03412916536438225, 27.818558645683822, 1.942743577380621e-08, 35013233.98381436
2157280640.7527714, 25843.511795347054, 0.03482116490009009, 29.148973669304908, 1.8430890988885793e-08, 32291209.1048934
1807911775.1241107, 26935.686602273865, 0.035813128723605404, 29.106412573227825, 1.8251637803732263e-08, 32594498.286944717
1808557807.7689557, 27393.977506549367, 0.03825388175093643, 29.073673658484942, 1.853916185534559e-08, 31121508.266164914
1875981487.6836748, 27291.904805341488, 0.03507539622916535, 29.71957112817654, 1.8701984028354758e-08, 30712783.279679745
2548577234.0842996, 26562.200480731677, 0.035896372576828386, 29.570880968041955, 1.895673801935654e-08, 31791868.806322835
2049594492.458161, 26822.519754242774, 0.03365041775687161, 29.224004527606134, 1.7995569989221353e-08, 33259867.029336132
2869238836.60534, 26466.974385829504, 0.03578386841922457, 28.113660160583308, 1.9043902670937547e-08, 32390516.69509437
1988889162.8425312, 26831.132976106885, 0.0338429871461839, 29.665130218339737, 1.803932066235072e-08, 32983967.759471893
2093920652.2505417, 27971.030235652397, 0.03376745913940901, 29.35343601515087, 1.8160843544259504e-08, 33558195.83296343
1860960025.3373885, 27439.150625576065, 0.03403088557957928, 29.302320428689377, 1.8228355405416075e-08, 33241449.150945924
1712389642.642292, 27238.67462528998, 0.035090393411710566, 29.30973151728294, 1.8689278710401827e-08, 32582170.757164605
2247661039.998106, 27446.752060813575, 0.03581038123913005, 29.35259501212134, 1.903613307099206e-08, 32243322.621078834
1781298110.7307377, 27639.508914301696, 0.036451486193176307, 30.300360582497355, 1.8273406794898114e-08, 29773551.704473175
1802597093.4633222, 27786.837253006357, 0.03674152890871085, 29.43022827360988, 1.88185444347705e-08, 30577813.512211367
2161142922.553446, 27524.038402837694, 0.03617557289754761, 29.260050221946415, 1.820250523133275e-08, 32795010.085016176
1656658760.5412722, 27349.938204715538, 0.03535044039626091, 29.60469090161901, 1.8577114329099258e-08, 31233339.981013853
1933723037.1500146, 27341.10761425891, 0.03774790547380633, 29.798249110605425, 1.8815637423744704e-08, 29463100.545777157
1699831701.2397585, 27414.639872746775, 0.03496014055313604, 29.426302599168388, 1.837517590999823e-08, 32296861.999653734
1918061594.5021293, 28036.152945750273, 0.03562446706159247, 30.12211297644321, 1.8841770267934915e-08, 29990996.894861966
1678026649.2122726, 27210.803188142967, 0.03576596330810217, 29.36033767403167, 1.8399170919782926e-08, 31943622.93892403
1897939948.759081, 26954.588669072422, 0.03430584063624355, 29.77034103622987, 1.8107114230901643e-08, 32554005.440280378
1642245521.4785347, 27578.775107022873, 0.03613260684059402, 29.51525646426488, 1.8640686883803283e-08, 31071861.49422862
1892510956.0592456, 27077.62348486555, 0.03446833161074516, 28.586167080049393, 1.8799163906336097e-08, 33877591.16392076
1662108165.869365, 27499.03755694266, 0.03595569754756852, 29.871812206885366, 1.840484607275761e-08, 30799561.569335073
1784615231.617001, 27582.602946538336, 0.0361755460465541, 29.801628421104787, 1.82695189357747e-08, 30355928.436097518
1640253804.6445289, 27324.65670560207, 0.03536168157042145, 29.4327057432384, 1.8584338766745045e-08, 32025610.17689783
1690132399.4470081, 27370.64443222367, 0.036466415312042796, 29.68761859684735, 1.866728687887702e-08, 30532736.46450603
1637821373.0890143, 27381.64329235445, 0.03608984662231611, 29.622289597427613, 1.8594259136657325e-08, 30973767.848292958
1740074595.6924424, 27642.81715851207, 0.035790145882762234, 29.85836429134244, 1.872132715584208e-08, 30498033.488983296
1635638486.995228, 27318.806680735244, 0.03577200895176719, 29.48484432835936, 1.8479709978797714e-08, 31582225.576438844
1759872335.405332, 27282.490439229405, 0.035526936204975344, 29.19210260707834, 1.874559756528344e-08, 31955160.46141377
1628403970.8406034, 27444.900777514347, 0.035848507211920226, 29.70188480693361, 1.8490033945889067e-08, 31088461.292354748
1642714511.5175607, 27469.574820576054, 0.036331420082546695, 29.49810147447053, 1.8538497155657716e-08, 31463430.574271347
1628181713.4942627, 27439.665666610927, 0.03608617516097525, 29.524748831257646, 1.85481514490181e-08, 31405907.925956972
1650698176.7686827, 27185.094142103942, 0.03553068096636608, 29.591332858621776, 1.8437910427039615e-08, 31758527.63374793
1628090970.3232577, 27480.35486579314, 0.03598212537203704, 29.534275562854106, 1.8589992769612366e-08, 31243528.02910845
1644632085.6275373, 27501.49180760117, 0.03654978375718487, 29.714511507494535, 1.8496520145244782e-08, 30491946.09196295
1628315920.0915353, 27368.865481101842, 0.035658707117112304, 29.503157184302435, 1.8562384111369977e-08, 31642194.15566411
1645834225.4594212, 27439.39409634775, 0.035649162903208687, 29.477274688055243, 1.847384976521757e-08, 31811158.943516288
1627302229.8728275, 27396.080993352774, 0.03597967569253925, 29.586035870084523, 1.8564156793797387e-08, 31183115.62209879
1637762945.8451123, 27533.140433013978, 0.036050067270066447, 29.655196573813566, 1.8622177649077043e-08, 31043057.23363439
1627673834.3408635, 27372.390118804928, 0.035841523531342, 29.52743238972291, 1.8515326896367546e-08, 31447433.49073773
1634271448.7020788, 27378.042072751094, 0.03597077553768211, 29.368375128355044, 1.8621970862177086e-08, 31680410.397071674
1625441998.576411, 27428.186101323532, 0.035879074293360694, 29.618507387288968, 1.8523018174961073e-08, 31236448.56853398
1630866270.7465305, 27477.805617252277, 0.03624872250298938, 29.613242832180827, 1.8533874322132617e-08, 30964379.29891026
1625670825.1839447, 27396.10051513945, 0.035806210963581574, 29.530678596272033, 1.8555256664060637e-08, 31472740.441475645
1628536215.6954937, 27389.579371154607, 0.035709268780168966, 29.59402309123137, 1.8550949070501502e-08, 31227398.534824863
1625822290.4488378, 27427.144092746847, 0.03599194856577368, 29.542067396251078, 1.8548850854388953e-08, 31361280.578173943
1630912314.1149187, 27327.605862753873, 0.035817247846601834, 29.5876130929937, 1.8492650983817872e-08, 31436879.451299585
1625522762.4182565, 27442.167615033322, 0.035940905990678236, 29.547609945389006, 1.8565657323163744e-08, 31291865.884656236
1628842924.5629485, 27463.481608233444, 0.03599760267103139, 29.60252728839132, 1.8587449027781176e-08, 31170746.9472377
1625646917.106893, 27395.162991162055, 0.03588054331626435, 29.546206114390014, 1.8533357429220952e-08, 31378261.85486272
1627238425.2215412, 27439.423532809302, 0.03581979755932416, 29.527991905751918, 1.8526299384520754e-08, 31513123.308982223
1627238425.2215412, 27428.587897945166, 0.03585976709262793, 29.54250289683507, 1.8535763736839912e-08, 31430621.38726137
1627238425.2215412, 24000.0, 0.028, 30.0, 1.8000000000000002e-08, 36000000.0
--
75278275658.5032, 24000.0, 0.028, 30.0, 1.8000000000000002e-08, 36000000.0
65599618657.982056, 25200.0, 0.028, 30.0, 1.8000000000000002e-08, 36000000.0
68978596154.10217, 24000.0, 0.029400000000000003, 30.0, 1.8000000000000002e-08, 36000000.0
74671811537.23195, 24000.0, 0.028, 31.5, 1.8000000000000002e-08, 36000000.0
88521850940.7652, 24000.0, 0.028, 30.0, 1.8900000000000004e-08, 36000000.0
73996729958.6071, 24000.0, 0.028, 30.0, 1.8000000000000002e-08, 37800000.0
63027498033.83132, 24480.0, 0.02856, 30.6, 1.71e-08, 36720000.0
57939349657.85947, 24720.0, 0.028839999999999998, 30.900000000000006, 1.62e-08, 37080000.0
59739084004.18967, 24768.0, 0.028896, 30.96, 1.728e-08, 37152000.0
55534523214.24485, 25075.199999999997, 0.029254399999999996, 29.244000000000007, 1.6992000000000004e-08, 37612800.0
48736319867.248604, 25612.79999999999, 0.0298816, 28.116000000000014, 1.648800000000001e-08, 38419200.0
47316084074.2098, 25720.319999999992, 0.030007039999999995, 29.990400000000008, 1.6387200000000004e-08, 36060480.0
38849661102.943054, 26580.47999999998, 0.031010559999999986, 29.985600000000005, 1.55808e-08, 35190720.0
43050950588.52084, 26752.511999999988, 0.029251263999999992, 29.984640000000013, 1.5419520000000008e-08, 37536768.0
40020360694.67727, 26173.516799999983, 0.031151769599999993, 29.97849600000002, 1.4387328e-08, 38151475.2
35886920524.009766, 27167.723519999978, 0.031158077439999998, 28.62589440000003, 1.3950259200000006e-08, 37399265.28
31069834531.530624, 28367.58527999997, 0.03228911616, 27.458841600000042, 1.2285388800000012e-08, 37522897.92
30553968288.752342, 28674.757631999964, 0.032593723904, 27.309431040000035, 1.3464414720000015e-08, 37648424.448
36128596394.53659, 30652.136447999947, 0.034470585856000005, 25.514146560000057, 1.2096622080000023e-08, 37932636.67199999
30371777576.838905, 29006.740684799966, 0.032636973465599996, 29.77080345600004, 1.1966980608000009e-08, 36000914.2272
35936405633.32427, 30703.711027199955, 0.03401466019839999, 30.59820518400005, 9.706470912000009e-09, 34791771.3408
30005330559.477077, 28768.72015871996, 0.03462159325183999, 27.816628838400035, 1.1654444851200004e-08, 36269004.71808
36686005073.35743, 29776.82423807995, 0.037306757877759986, 26.73262325760004, 9.7719072768e-09, 35635123.077120006
34326754667.89885, 30385.796702207954, 0.034109017112575996, 26.958025973760044, 1.1593483591680018e-08, 34901309.32531199
44566019963.725334, 31500.960183091134, 0.035489609557606404, 25.739892363264076, 8.805085028352025e-09, 37746300.25543679
32048909831.13975, 27810.60004577277, 0.03213032238940159, 28.924173090816023, 1.3886871257088008e-08, 35829615.063859195
36627655001.99075, 26665.564818309096, 0.031599674555760626, 29.55392523632642, 1.3709756502835203e-08, 38407033.22554368
30902291213.636585, 29455.73873123324, 0.03348168147337215, 27.60700078940164, 1.2122551819468814e-08, 35777740.30036991
32472065264.342907, 29898.816948928463, 0.03411891291252327, 27.06090919870469, 1.0710641062379533e-08, 37457977.58160077
30659019677.814766, 28332.654271561696, 0.032627470020182014, 28.45835711778819, 1.309281370841089e-08, 36236705.693294585
30848760085.23649, 29327.859311325956, 0.03409546068599766, 28.92604689663593, 1.2635093482831882e-08, 35250217.8347778
30234309611.180103, 28188.554092129776, 0.03314840705767572, 29.305506150128053, 1.3002947128708306e-08, 36784366.46817104
31987827362.8996, 27860.711424358597, 0.03215580639372143, 28.138243744290605, 1.263754692369581e-08, 37925548.38712044
30163581415.553635, 28961.072339584116, 0.0336105471129286, 28.729096108549598, 1.2635706843047863e-08, 35919050.472863466
30412741879.46999, 29107.283691331817, 0.034017027896635715, 28.714229119442912, 1.1996983951971587e-08, 36811998.44043122
30262384890.27361, 28938.19075462628, 0.03462009560987201, 30.42507442900822, 1.1038410633171095e-08, 35065709.2826983
29911619398.55484, 28438.02752061223, 0.03343801870253081, 29.704614473391466, 1.2122412073679326e-08, 35203619.6271739
30229449137.25242, 28103.399435252446, 0.033148514105478366, 30.199807150365743, 1.2185126134533198e-08, 34399430.22054523
29425473841.465324, 28311.085261468987, 0.03513849122833885, 28.62156454379091, 1.2214588003922624e-08, 35695786.00039469
29061915952.442204, 27963.2575498035, 0.03638925010970827, 28.04694508768634, 1.2338391701883929e-08, 35543221.88699204
29968299135.483967, 27989.661909713555, 0.033863030884001354, 27.01604183425397, 1.366315040623668e-08, 36821995.98661387
30083201054.74012, 28659.741699243565, 0.03562056896672789, 27.21982438678451, 1.1962695221710814e-08, 35118390.608518265
28939635636.19614, 27766.691195653013, 0.03596243765299473, 27.19252573965693, 1.2060730858836439e-08, 35663442.65808776
28429323548.11611, 27169.50062368747, 0.03713838292302779, 26.424240555210588, 1.1773242866730725e-08, 35535638.75069991
29716959917.15952, 27471.92540577112, 0.0345595413817154, 28.383563928792455, 1.2657961538181454e-08, 36631001.77930563
29611165698.512283, 26844.229045115186, 0.03553369634855345, 28.013533513333897, 1.3367618583484841e-08, 35625186.494234145
28360024601.675583, 27165.114148282257, 0.03696052490221293, 29.213117189111934, 1.1240700299347427e-08, 34593471.428748384
27793337237.614613, 26752.840267566615, 0.03850927191131871, 30.31165486654092, 1.0029475245902803e-08, 33479209.14981565
27627738343.327427, 26042.673636165317, 0.03941403836719863, 26.76736070723421, 1.1944263900794177e-08, 35522083.59724505
27035833850.039375, 24844.996693941852, 0.04240204819953254, 25.298733824155576, 1.1855189814351604e-08, 35681315.582280636
27059867405.120895, 25958.004266274726, 0.0414295184151409, 26.854479209978464, 1.1087605746760106e-08, 33714826.966303326
27725055958.914307, 26231.21071539448, 0.042813692274937844, 26.760887904094858, 9.465943566766823e-09, 33956498.440202475
26300888228.9644, 24419.363476942555, 0.044527915379874855, 26.213053456305822, 9.346191194320893e-09, 33403773.668728754
26809071004.946735, 22647.416440512083, 0.048597248014958155, 25.29610764061556, 7.850090940539379e-09, 32334049.559597105
25663295779.549515, 24113.065544360623, 0.04673459554929414, 27.751283149219674, 8.940519360510165e-09, 32558610.77223243
25144164685.97271, 22584.848004697196, 0.05153270186242731, 28.414804446224224, 7.524157607399884e-09, 31070096.78299868
25410977329.861717, 22862.528995333712, 0.05057307854144667, 23.10512866976265, 9.68215992593692e-09, 33651395.4263899
28010833529.978394, 22036.685859481542, 0.049372412684431065, 25.19359193847584, 1.0332178148740938e-08, 33052064.93047805
26376382045.96163, 25182.579501416247, 0.044453372377311146, 26.369063912690102, 9.682502212260352e-09, 33730390.062771365
26147614788.152103, 21999.722402657902, 0.051966128129096116, 24.905834513676886, 8.148474554947755e-09, 33299961.642964408
24797224076.347958, 21974.62025847719, 0.054819230316529896, 26.30442017530831, 5.898204383594719e-09, 30380931.45126061
24911068287.870594, 20539.432040744854, 0.061027821375028574, 26.807263350884682, 2.919711668216278e-09, 27730739.38575059
27990167993.231216, 20353.853753827174, 0.05691424931443878, 25.20823259182106, 6.557172854219715e-09, 30992073.526165582
25552975232.428383, 23975.39806451898, 0.047568591611593054, 26.07885608247284, 8.901169872750193e-09, 33045810.92861992
25349354435.246796, 20939.48361333144, 0.05805597680456237, 25.310564098672145, 6.7154753435308945e-09, 31175504.82416466
24758226275.70582, 22935.029171885504, 0.05305370352552761, 26.779674875299172, 7.33999229833729e-09, 30429534.122409105
25385506201.878834, 23402.682556499298, 0.05359749122374337, 27.716595056110307, 6.935751170032057e-09, 28994320.362131447
25548435585.018166, 20543.20595297104, 0.0596452848086045, 25.886980823633756, 5.96282595076969e-09, 29637174.11426927
24996925812.707333, 21401.253980858022, 0.05662611150935165, 25.934949638343525, 6.697411931264816e-09, 30489333.317856938
24525271412.914207, 21071.565016366025, 0.05906201106591287, 29.992636623776292, 3.987936699714122e-09, 27766764.7730861
24610345248.478565, 20176.08302688219, 0.06330647732814595, 33.43639060078311, 1.1408250866027237e-09, 24824449.4464342
24804656329.273285, 23047.442959582142, 0.05198152650733737, 29.66003020490846, 5.863605824593437e-09, 28879159.354879923
24217689871.67878, 21587.116550170358, 0.058684331307436444, 27.053880160830076, 4.390702847601869e-09, 28108192.42479839
23996209973.7397, 21088.250822906935, 0.06226014602994101, 26.37341801813301, 2.823975467702862e-09, 26627240.245698243
24649604546.169785, 22645.5093108291, 0.055844535468747875, 29.70912232062657, 3.668073938312156e-09, 27144118.661076657
24178532427.957737, 20838.54687260375, 0.06203432405532633, 26.003678600348884, 3.623667290471023e-09, 28060276.346532375
24092892689.51668, 21456.940219359334, 0.06208265774165238, 29.238991999965258, 2.6792538942202626e-09, 25630242.208260387
24092242241.796818, 19905.295724940555, 0.06745976621910457, 29.74746414984083, -6.2682938216912e-10, 23661922.771452405
25379786426.877934, 19098.730151641535, 0.06931502657602698, 26.83335343619914, 1.327127649663504e-09, 25554459.876935147
24156732999.860054, 21758.81452103221, 0.05921215824556765, 28.990180099519712, 3.082837366149993e-09, 26746703.96504128
24027439194.28935, 20947.574247971097, 0.0661576098507239, 26.14885652334678, 6.452251548358864e-10, 24523789.441707775
24185947403.166885, 21224.203341880304, 0.06483461117946945, 30.195885715973347, -1.8188229017506933e-10, 22815683.10633166
23986464522.289185, 20934.96098992289, 0.06273439583636212, 27.051730379254998, 2.6722798953095e-09, 26749128.036482196
23850144275.5147, 19974.39428100812, 0.06906567202554593, 26.434004328696638, 1.9472464580976292e-10, 24130225.116399124
24172346146.58121, 19082.184160996076, 0.07399242891553506, 25.155916443285108, -1.2493317143603517e-09, 22821985.692078054
24208942988.61227, 19683.250207340505, 0.06898837824301864, 25.063197359743647, -3.9550358162470634e-10, 24646680.036435515
23918205977.648483, 21013.517716354625, 0.06380908786699394, 28.195043339909855, 1.9105645252590203e-09, 25384351.66530417
24347408707.061806, 21678.18349832491, 0.06215099842472219, 23.933756885895676, 3.9255372577359325e-09, 27303971.030784197
23892717314.847244, 20348.517668286644, 0.06613257427050898, 28.29403733385454, 5.112622778071431e-10, 24572434.836285353
24340638019.606064, 20396.282343420586, 0.0634431405610169, 28.39043683659284, 2.599897569919429e-09, 26461562.518359862
23882511954.329823, 20809.75127183347, 0.06547899252829714, 26.709251601658295, 1.133893258606772e-09, 25008232.710870795
23780565014.160004, 20144.205948055365, 0.06862814298114223, 28.300208775216717, -2.5488562658598233e-10, 23710508.70043841
23765967819.27277, 19672.183510629577, 0.07181214145674283, 29.263604153758564, -1.794316173730404e-09, 22252142.927808493
23737350803.33549, 19792.38478932209, 0.07178499142287342, 28.50664592389616, -1.889828481808582e-09, 21789826.866184976
23757253000.511417, 19221.096689021688, 0.07631028921612909, 29.234103696216735, -4.170882670367623e-09, 19310176.28103637
23950800672.883415, 19225.374892077336, 0.0739006608145934, 27.48797399683583, -2.6482703145851435e-09, 21716793.317715324
23820326737.04868, 20566.482010285305, 0.0663319811038938, 28.01827600414135, 7.708558152979793e-10, 24467462.07840696
23760633425.97092, 19977.560676944777, 0.07165693714443228, 27.27867547100587, -1.1451306521369317e-09, 22486721.043582782
23871892279.633793, 19183.450835442476, 0.07478169673309815, 29.091230750941136, -2.6793711972340424e-09, 21042318.50208214
23775048639.1974, 19590.025944540223, 0.0724560206818979, 28.495735963620426, -1.726055083273839e-09, 22033797.0542793
23745299300.509026, 19865.060491680662, 0.07255115669839017, 30.1911706778723, -2.508514476070474e-09, 21081754.871705882
23802767841.40626, 18992.404154961623, 0.07777251785784084, 29.476056871919987, -4.396393762106072e-09, 19390235.02701761
23743819091.375824, 19385.923618792545, 0.07491238366935409, 29.11161165497533, -3.1045813677550593e-09, 20659541.789864946
23761730871.415833, 19887.21929040764, 0.07263102347481924, 29.244947188982863, -2.450893377326741e-09, 21274197.945379537
23835914746.135517, 19891.07603622951, 0.07360245550720487, 28.469616212934447, -2.645263168308711e-09, 20664674.07887876
23732497275.59501, 19726.90664202956, 0.07225971996935834, 29.065107168552537, -2.0070529223749805e-09, 21855275.71557606
23756391528.98351, 19611.91519710021, 0.07263505208694408, 28.416337169538018, -1.8111497827316702e-09, 21875050.169386316
23770012385.833374, 19375.315618625253, 0.07400038439433576, 30.837673566927876, -3.383320160159375e-09, 20417858.72150448
23736775034.15264, 19826.999412364894, 0.07224279895690815, 28.16842499498637, -1.7046780291425426e-09, 21969505.463063207
23746605602.425644, 19826.994784575687, 0.07286536819980959, 29.600846998575058, -2.6747123281289857e-09, 21067311.71317171
23731323942.960644, 19773.22488770682, 0.0728077891715932, 29.304719541315794, -2.458821691779657e-09, 21269246.327225365
23777343458.99062, 19537.115248405702, 0.07305191657764472, 27.471433035618176, -1.9574705210738547e-09, 21935603.593059942
23729423200.42081, 19783.07418086192, 0.0726763466682038, 29.511236267308767, -2.370753487321319e-09, 21295217.0520444
23760377915.620968, 20175.112346121565, 0.06979627480622068, 28.71084190344852, -1.0678724772157728e-09, 22612086.779772658
23729687507.40664, 19583.2208006248, 0.07363335645357073, 29.01141921709363, -2.5954041451202374e-09, 21147678.037341874
23733039562.856598, 19684.985580113105, 0.07366301306498027, 29.517716951806676, -2.5648556284869125e-09, 21224942.171915386
23719440574.50158, 19593.56542416959, 0.07377329117417437, 30.395654663444585, -3.0940771208907004e-09, 20747438.25857802
23716966600.718887, 19476.848430071936, 0.07453853728280749, 31.509269497673692, -3.78877666676478e-09, 20136404.65633543
23728739439.4933, 19652.32439640491, 0.07270328675323315, 29.84298372497109, -2.723467936857477e-09, 21056586.543493856
23723658089.549217, 19580.57043623859, 0.074284006562405, 30.606744130792656, -3.5678366487624072e-09, 20106777.331000306
23725915126.49811, 19457.19040997405, 0.07432642431649486, 30.887941593820134, -3.559673862150832e-09, 20227819.120860986
23710934228.025322, 19596.78234079576, 0.07377808417968697, 31.931850868732905, -3.808799295622488e-09, 19981443.84415211
23705588422.362007, 19603.563110881238, 0.07385044804274507, 33.39206669455255, -4.415496870873614e-09, 19398326.74755723
23723467927.43083, 19325.124532566377, 0.07520473451487045, 32.98436598941529, -4.8513473068423245e-09, 19075148.707654722
23719092899.122826, 19324.99437148797, 0.076178373534496, 33.90917143753064, -5.349784605300106e-09, 18521204.081869613
23717358947.84846, 19467.249942524395, 0.07529601565843475, 34.0727055061658, -5.2296229772664605e-09, 18667325.48890593
23705418629.61123, 19298.541718774173, 0.0757432370509365, 35.74028751934254, -5.8861747220565055e-09, 18212586.541928865
23707978912.502823, 19157.527360041968, 0.07647285229520223, 38.30705921361748, -7.045343758703554e-09, 17265491.147393145
23729385992.665527, 19543.35449692951, 0.07503791011289745, 34.465034272690794, -5.016595030062262e-09, 18899190.29898411
23712063162.054733, 19379.68202365716, 0.07516302841437719, 33.35453306023416, -4.892659237647309e-09, 19031159.10548707
23702186546.204426, 19565.35971887559, 0.07365813304522442, 33.318373473656855, -4.33530758454336e-09, 19657116.934216205
23704513964.441948, 19685.542392569398, 0.07239801280058863, 33.022974491719964, -3.828069074164987e-09, 20225073.3603895
23719009128.302025, 19462.34805837964, 0.07388533787600152, 32.85310659201811, -4.0977430554877665e-09, 19906912.105303995
23708641391.49971, 19466.024471488206, 0.07494334621282644, 33.76780577762888, -4.946652996821787e-09, 18977222.143005446
23692910246.871506, 19448.419987398614, 0.07480473982363636, 36.3199571124923, -6.0017398980122515e-09, 17974159.932542503
23683739141.845695, 19434.205766061954, 0.0749378410940508, 38.7253009199016, -7.108221513635987e-09, 16893037.57064604
23691984658.3813, 19567.395890775304, 0.07409017376393612, 36.623000693798815, -5.784082237525191e-09, 18224156.869454443
23680558940.662125, 19521.602010659095, 0.07396858698593073, 37.35180594287206, -6.065060174632076e-09, 17976867.722515665
23667262125.783165, 19549.39078024454, 0.07348120737248287, 39.14380602549366, -6.6242637635372185e-09, 17476690.51227078
23674169251.294903, 19362.394439011383, 0.0749137888879072, 40.028240758324834, -7.479723057645692e-09, 16787108.623849303
23666926387.235924, 19692.95691921334, 0.07268922061450406, 39.39520122912777, -6.646464540698473e-09, 17402657.662245847
23661244697.41192, 19890.164519432925, 0.07116221239628784, 41.22265808402038, -7.026609450019456e-09, 16997693.22240434
23651174061.484917, 19556.060839334852, 0.07377595636064152, 44.97882911895886, -9.273852424402056e-09, 14894357.785233755
23640858536.978043, 19551.411399564488, 0.07383486801835007, 50.80905694160987, -1.1743124844331403e-08, 12512978.210742526
23624077656.28241, 19547.63087095081, 0.07324179334369538, 47.34862439794132, -1.0208694814142715e-08, 14042846.386510752
23591149018.328262, 19537.74836103856, 0.07281760313357499, 52.71143625001258, -1.2421001102451477e-08, 11952191.145038903
23595838647.206573, 19722.2380336548, 0.0715460308293904, 50.84077830388294, -1.1009667373558112e-08, 13397627.1150763
23598932726.98091, 19937.98679856275, 0.07022297981212727, 53.86285348368293, -1.2050143555913374e-08, 12147763.458363838
23579699967.407413, 19906.428864656875, 0.07035227030340935, 60.634907199789836, -1.507595476697231e-08, 9326610.74837958
23506289316.15128, 20084.947906863046, 0.06878780176887259, 71.38045778693794, -1.9301800268689855e-08, 5251570.866433978
23493426122.543495, 19643.568480440532, 0.07172150102863828, 70.6191750224301, -1.9583685407958233e-08, 5107159.095857877
--
184974496482.69302, 45000.0, 0.028, 30.0, 1.8000000000000002e-08, 36000000.0
254232607929.6687, 47250.0, 0.028, 30.0, 1.8000000000000002e-08, 36000000.0
214509577124.7119, 45000.0, 0.029400000000000003, 30.0, 1.8000000000000002e-08, 36000000.0
186079525737.11395, 45000.0, 0.028, 31.5, 1.8000000000000002e-08, 36000000.0
135842812210.93533, 45000.0, 0.028, 30.0, 1.8900000000000004e-08, 36000000.0
191571246643.10876, 45000.0, 0.028, 30.0, 1.8000000000000002e-08, 37800000.0
127133877259.06544, 42750.0, 0.02856, 30.6, 1.836e-08, 36720000.0
84661519295.94287, 40500.0, 0.028839999999999998, 30.900000000000006, 1.854e-08, 37080000.0
105385290962.1611, 43200.0, 0.026935999999999995, 30.96, 1.8576e-08, 37152000.0
91107788899.1648, 42480.0, 0.02791039999999999, 31.34400000000001, 1.8806399999999998e-08, 35092800.0
69878835989.46313, 41472.0, 0.027874559999999996, 29.781600000000005, 1.912896e-08, 36529920.0
51191157884.29428, 39708.0, 0.027811839999999997, 28.92240000000001, 1.9693439999999998e-08, 36794880.0
50683124643.79314, 39355.2, 0.027799295999999984, 30.85056000000001, 1.9806336e-08, 36847872.0
--
37008834999.13962, 30000.0, 0.028, 30.0, 1.8000000000000002e-08, 36000000.0
32983494925.4799, 31500.0, 0.028, 30.0, 1.8000000000000002e-08, 36000000.0
33614154735.881325, 30000.0, 0.029400000000000003, 30.0, 1.8000000000000002e-08, 36000000.0
36692233672.18095, 30000.0, 0.028, 31.5, 1.8000000000000002e-08, 36000000.0
45794523444.73738, 30000.0, 0.028, 30.0, 1.8900000000000004e-08, 36000000.0
36397775341.141754, 30000.0, 0.028, 30.0, 1.8000000000000002e-08, 37800000.0
32632442882.163742, 30600.0, 0.02856, 30.6, 1.71e-08, 36720000.0
32325558473.181053, 30900.0, 0.028839999999999998, 30.900000000000006, 1.62e-08, 37080000.0
31841999129.376953, 30960.0, 0.028896, 30.96, 1.728e-08, 37152000.0
31984633007.834175, 31440.0, 0.029344000000000002, 31.439999999999998, 1.6919999999999995e-08, 37728000.0
31956241592.46673, 31344.0, 0.029254399999999996, 29.244000000000007, 1.6992000000000004e-08, 37612800.0
32996262861.748875, 31881.6, 0.02975616, 30.441600000000008, 1.65888e-08, 35737920.0
34814223107.37548, 32634.240000000005, 0.028498623999999993, 30.618240000000014, 1.602432e-08, 37433088.0
31871058480.40251, 30658.56, 0.029174656, 30.154560000000004, 1.7506080000000004e-08, 36358272.0
35184199609.524635, 30263.424, 0.027909862399999995, 30.061824, 1.7802432e-08, 37943308.8
31964014411.435314, 31477.055999999997, 0.0292945856, 30.346656000000007, 1.6892208e-08, 36289267.2
31750891657.651405, 30635.846399999995, 0.030183856639999996, 30.642086400000018, 1.5948115200000002e-08, 37796935.67999999
31479680942.389835, 30203.7696, 0.03127578495999999, 30.96312960000003, 1.4922172800000002e-08, 38695403.51999998
31109204511.48615, 30957.354239999993, 0.030318170623999996, 29.767338240000008, 1.7236984320000007e-08, 37363097.087999985
30429417991.23982, 30986.031359999994, 0.03105725593599999, 29.201007360000006, 1.7755476480000014e-08, 37504645.63199997
31032922348.777714, 30183.888383999998, 0.030568653158399982, 29.862422784000014, 1.6890083712000008e-08, 38639981.260799974
30623065559.3419, 29852.89973759999, 0.03113454002175999, 31.212447897600022, 1.674952519680001e-08, 37727320.96511997
31415144333.4251, 30216.075632639997, 0.031998237630463985, 30.725043056640025, 1.5932823275520006e-08, 39529468.551167965
30939223696.66621, 29617.065885696, 0.03351778868264957, 29.82562027929604, 1.562003258572802e-08, 39686727.97163515
29779796083.239857, 30138.614799974384, 0.03203480521170942, 29.367486951014413, 1.8257003700019216e-08, 38539854.232289225
52833852652.429886, 30106.037399961584, 0.03241431533756413, 28.569665626521612, 1.9924419150028823e-08, 38462079.58843385
30589366556.20252, 30095.324434268146, 0.031326979573743585, 29.06255105212417, 1.81760253942989e-08, 37309943.47356975
29499377754.707863, 30092.086103015412, 0.033059894611945036, 29.605222632013838, 1.773314163073846e-08, 37667415.64904566
28941319946.955143, 30046.184962523126, 0.03430551533871756, 29.47662255602075, 1.815467059010769e-08, 37181132.8431685
59311695331.071815, 30830.55623205025, 0.030425849750122663, 29.50242604740771, 2.0017047958762315e-08, 35618430.88682382
30554225867.027485, 29920.438472284564, 0.03274480394951784, 29.74482172132396, 1.6719286428986597e-08, 38669653.700432315
30679415872.124027, 30621.737874020095, 0.03345320398211539, 27.5285479585933, 1.8875459840564957e-08, 37954770.987463936
30144399910.839523, 30045.109271705016, 0.031714206011848836, 30.29147291284834, 1.7281008857741247e-08, 37784183.47070596
31382742032.84292, 30359.227112326695, 0.033415655005373884, 30.170013548358817, 1.7090953028443e-08, 38561844.47786863
29785835073.27446, 30161.300103782785, 0.03184914843165116, 29.339416676182832, 1.7904757302834924e-08, 37622918.72464447
34788403768.04593, 30630.457726909568, 0.03163956842245294, 29.32558086110258, 1.9021880343294643e-08, 36783440.26069094
30114517044.50241, 30097.943285940815, 0.03246849506775162, 29.640011506268614, 1.7294934907563608e-08, 38198100.34049697
28794875796.258522, 29209.62960957046, 0.03389161208867145, 30.04499688093398, 1.7801473663306654e-08, 38225830.212522075
28219641064.801506, 28321.428734355693, 0.03530879016500718, 30.466991641400966, 1.7824472254959974e-08, 38586422.50278312
28784665020.990593, 29461.07948292571, 0.03467249567408594, 29.024738819506688, 1.8493326644452918e-08, 38267187.98664694
31922585659.14083, 29153.499947483866, 0.03479980686071688, 29.430091151381646, 1.895875728938628e-08, 37880906.17531593
29371911405.64028, 29861.832451326576, 0.03305132301599294, 29.58753141754687, 1.7710890503019274e-08, 38118801.79920171
28019883841.97181, 28970.35606865942, 0.03590002333055405, 29.829931878013046, 1.8271388174188702e-08, 38654441.02099134
27465129559.64126, 28374.884051097746, 0.0379254607800055, 30.075189478928145, 1.845470360986559e-08, 39170202.16916478
27543366441.278843, 28287.54907291715, 0.03807062877781423, 30.08494261434695, 1.7998221740942965e-08, 37989644.68809681
27654870535.75221, 27934.61807020119, 0.039061833278259225, 30.063862626534522, 1.8659267433112382e-08, 38359034.27674234
27080456498.07355, 26905.638802075875, 0.03971016813135125, 30.40966751626616, 1.841732608322584e-08, 39767863.80620511
27770752329.560963, 25335.365721852257, 0.0424124945276681, 30.876189996388874, 1.8548653829784916e-08, 41061229.28772342
26200391471.49376, 26468.568009333354, 0.04135825677888902, 31.415522731484018, 1.8048269804389775e-08, 39282078.990549915
25528234763.61913, 24972.312272537172, 0.04470113733129055, 32.610914687472686, 1.7825741384358204e-08, 39789524.49250139
26361297568.85185, 26268.572173175955, 0.044478901154481124, 30.830839128018418, 1.8717631845642014e-08, 39444085.270301044
25855399575.18526, 25988.96447852037, 0.042892685191717836, 31.54075874347842, 1.7906182432501462e-08, 40105493.8937653
26174465747.719376, 24716.5996380457, 0.04581271225772427, 32.10200520731858, 1.853041240129428e-08, 41321223.164678246
26087032314.664043, 23165.95089464428, 0.04911278084662052, 32.922484634093564, 1.810421404894313e-08, 41001074.081815645
24873647683.6091, 23139.32098069352, 0.05108911858138246, 33.59313344388651, 1.8016346761869798e-08, 40896696.55501954
25623324476.566532, 21256.16207000235, 0.05677859380639805, 35.184866407696674, 1.7815857101191773e-08, 41461112.92942676
26849707976.827534, 22524.68713260047, 0.04896447252901312, 34.27687955848149, 1.743552696594474e-08, 41801519.604811
25499223713.195877, 25332.60091303208, 0.04560029399811412, 31.692349235634186, 1.8397105625717697e-08, 40033443.853928536
24969998026.69774, 24323.060177725267, 0.047545694121925934, 32.84185109050757, 1.7569423700061828e-08, 39409269.98613393
26280119528.982796, 26336.552634359083, 0.04361879084315186, 31.98911824629819, 1.7781705912860472e-08, 39092697.43072383
25329071507.701477, 23958.60132957298, 0.04773928334575335, 32.68914303714472, 1.8023587014922464e-08, 40523979.91904269
25401497334.073025, 22701.39379090404, 0.051777525759668735, 33.83019785437986, 1.802669936227054e-08, 40155672.028885126
24925061408.406628, 22809.678604233988, 0.0527996289914473, 33.24775517714845, 1.8187523601578735e-08, 40618100.444702536
26063396719.94737, 21440.221040219833, 0.05478020632195699, 34.78848300559267, 1.7532326550563646e-08, 40608043.719585
25045597971.31975, 24359.50594482902, 0.04789527207907483, 32.46638267812381, 1.8180910856929184e-08, 40177093.82034265
25019388928.946922, 24734.673023917865, 0.04705007308816481, 32.10510831634457, 1.796441741187427e-08, 40494384.261211425
24476481474.732876, 23787.894162986893, 0.050812631399044794, 33.01254924525965, 1.7943861918003062e-08, 40114238.10792135
24368356231.55022, 23702.540579693858, 0.05234930542569052, 33.174252349317115, 1.7903999369543358e-08, 39909367.202360675
24330252983.252407, 23124.20340167678, 0.05243825600436956, 33.51845747275789, 1.7675773481042004e-08, 40354033.559428595
24160631581.750847, 22506.552130100652, 0.054709747967016914, 34.04449487007493, 1.742320479309841e-08, 40442503.42897157
24471543042.605186, 21857.78796506105, 0.05634732494682043, 34.65548645602925, 1.7675781878586578e-08, 40015990.78566389
24763444337.178486, 21283.291926187958, 0.0593723562430171, 34.64419782807493, 1.811331886180892e-08, 41343793.38055335
23954764172.353466, 22186.11882846082, 0.05674751227412367, 34.796870801804644, 1.7465537064384086e-08, 40425240.096325085
23843384412.353493, 21874.338940574235, 0.05872145391546185, 35.57142861413274, 1.7104543795786762e-08, 40328809.92213637
23693355661.741703, 21350.483635953577, 0.061510956817820275, 35.242810603165076, 1.7271992717659816e-08, 39919489.33285479
23591355742.124317, 20456.0649635836, 0.06672187593603918, 36.06764918280436, 1.6899815695554826e-08, 39430885.72177242
24563263136.807144, 22875.6219054174, 0.056167527033394456, 34.76112676086843, 1.6689619351219055e-08, 38707229.443808615
24078039382.79211, 22477.539410610043, 0.05696873433580012, 34.73189452767005, 1.7045544228866522e-08, 39366370.427994795
24789695946.13049, 22549.026444763906, 0.05944112208518301, 34.780401361570426, 1.6875061274553375e-08, 39775183.895630464
23981926647.83599, 22030.59758498676, 0.05712077423141108, 34.686715182414545, 1.747560172757828e-08, 39955789.06315553
24275827345.60106, 20035.496632248265, 0.06534772912860111, 36.86662060152152, 1.6475484726810566e-08, 39900376.22325161
23837300476.95844, 20952.25761910966, 0.06209812320287346, 35.94352853847042, 1.6832613387493765e-08, 39902623.96802888
23593285337.454586, 20609.767277445062, 0.06594263668161734, 36.75599154812191, 1.6720042741013645e-08, 39151288.21226363
24110744865.67582, 19891.67114366968, 0.06727321125116106, 36.87823069870754, 1.6967502710104384e-08, 40141388.326947935
23816968653.091904, 21831.072343874952, 0.05954485356464036, 35.26847857042942, 1.7026033849175987e-08, 39560124.90273308
23597247255.415592, 20258.802872848246, 0.0680908030888418, 37.156115399168996, 1.6357618060031717e-08, 39393704.027618214
23700328971.327427, 19768.847090170377, 0.07023786307414301, 36.905276681465295, 1.6429905697521218e-08, 38646640.810830116
23557187059.271744, 20217.56420005924, 0.07011708973523921, 36.91787601432557, 1.6540753029825188e-08, 38570433.502058096
23625654291.95165, 19850.217490534036, 0.07412657300142209, 37.40504975225315, 1.63948228509909e-08, 37904338.2690727
24123138323.587994, 18693.346217767652, 0.07689925384171185, 38.252684959925034, 1.6153220240402648e-08, 38517056.007083915
23640045674.41555, 21046.640812348127, 0.06388345363390824, 36.01453016780333, 1.6807830446982654e-08, 39299357.67882079
23702272093.318108, 21266.68896034333, 0.06366448055611529, 36.25958824342436, 1.690051829184199e-08, 39691626.84618315
23599023201.35598, 20143.307557713615, 0.06859451744463607, 36.74385457195506, 1.654755884610141e-08, 38907887.319668375
23639619653.007713, 19627.561936311777, 0.07190331552064119, 37.44206451874703, 1.641848490202806e-08, 38882321.834531516
23583512498.966713, 19982.331655320864, 0.06989835004895795, 37.0851809310111, 1.651582128826671e-08, 38986580.795603834
23562952983.183178, 20466.50482998919, 0.06771378475164214, 36.84927065821771, 1.6666061479775424e-08, 39305269.58405811
23514486390.231644, 20434.090297710936, 0.06806669177255653, 36.31427193462328, 1.69793796337426e-08, 38784079.09868422
23476397119.87114, 20521.73401014228, 0.0680546361144139, 35.89335020235042, 1.7290260420598043e-08, 38479266.63421723
23507135791.380905, 20047.912586193008, 0.07105965795289959, 36.369339247361765, 1.6845042024594425e-08, 38757686.282820255
23544812297.36329, 20038.35394909823, 0.07201553150522194, 37.17835763850226, 1.6643359601669093e-08, 38208808.9977306
23560914033.181374, 20534.49617487192, 0.06968592997480877, 36.198096573291984, 1.7078369334318168e-08, 38342005.20474989
23485639813.700806, 20077.519538156685, 0.07265935336139123, 36.173537212115086, 1.7093052284626545e-08, 37638010.66457232
23534936636.041515, 19826.737538587862, 0.07187657749285759, 36.81488755257005, 1.6686617610207147e-08, 38319677.22780951
23453777674.89588, 19987.33884881198, 0.0721492128354745, 36.053912726834255, 1.728257974685291e-08, 37990946.420801885
23510700902.521473, 19872.22617318835, 0.07316527438559214, 35.6219310830886, 1.765349310536677e-08, 37701202.88017379
23497001380.184437, 20146.14305965849, 0.0703042435975928, 35.34365313799037, 1.7435661233082535e-08, 38265425.89435789
23441575054.000225, 20485.52167859712, 0.06981426405185123, 35.118629458090716, 1.7692020673694636e-08, 38132857.13089832
23668708931.364193, 20814.91374860175, 0.06878310733134807, 34.27050041085106, 1.819472220543838e-08, 38039447.082442716
23516932196.970955, 20439.39026795361, 0.07013302603138988, 35.06389384759056, 1.787238771894744e-08, 37444916.41511881
23472390349.509563, 20145.78200663316, 0.07082799997252216, 36.042977897418965, 1.710187844818268e-08, 38429493.815894894
23513286865.705097, 20341.015373278, 0.0710979429366684, 36.36930986073341, 1.7148255396499386e-08, 38002803.97219598
23458007950.293034, 20194.861138063367, 0.07050266843236169, 35.60006731867613, 1.7363809773936748e-08, 38199770.41381741
23541639378.196434, 20456.575534742482, 0.06788015920125817, 35.3100378292331, 1.759916734067946e-08, 38854923.10167957
23455067531.27137, 20172.283537303134, 0.07146455482135797, 35.95766236639459, 1.7219581048639775e-08, 37942238.77384913
23445067601.381645, 19872.580873621228, 0.07384884393101313, 35.615949704615446, 1.7373687455924652e-08, 37798855.98788743
23445324811.555046, 20139.252423925576, 0.07228381765630125, 35.295510732425484, 1.767079303143681e-08, 37596373.67500677
23433280373.674583, 20067.929806840242, 0.07332160888603753, 35.616598676668055, 1.7531655008682763e-08, 37584738.38155999
23450840508.4691, 20004.46414122868, 0.07473107911287546, 35.624864355664016, 1.7615577626055767e-08, 37277222.36543128
23478898796.289593, 20048.765915415323, 0.07310254412291309, 35.122578153058996, 1.7800713317996933e-08, 37699269.864612624
23438568698.432228, 20141.40413183118, 0.07187405214674675, 35.74889131306069, 1.7364864115979066e-08, 37881496.54654001
23446146038.27008, 20295.336717114158, 0.07230782183330546, 34.90431922710991, 1.7770628367434265e-08, 37606782.26795512
23432606877.017746, 20218.337250038614, 0.07226816958384771, 35.191717602040995, 1.7648616212288928e-08, 37702823.30616681
23448610629.899117, 20175.057072445776, 0.07216695778349726, 35.62120396936487, 1.737354435519121e-08, 38043934.86621425
23432877342.001957, 20148.203586055628, 0.07225460268810024, 35.376934041660334, 1.759648086237541e-08, 37708263.972808644
23446192099.7681, 20551.977707723883, 0.06996423501162025, 35.20515873199287, 1.7759767293283666e-08, 37805215.7473021
23433703461.372215, 20042.430082146893, 0.0728776917011649, 35.5132519614598, 1.7470207415264407e-08, 37800445.927741095
23452197558.43447, 19761.800264167898, 0.07522418595050764, 35.860327979865225, 1.7352708772141596e-08, 37338250.123028316
23430895805.05871, 20304.591324989815, 0.07116674452651534, 35.30405408853434, 1.7607192698306378e-08, 37934205.37893082
23448837806.348568, 20171.192688197298, 0.07288147480751953, 35.05213123508474, 1.7776796762788085e-08, 37610694.240342945
23431921628.92144, 20148.851270922707, 0.07212590781193995, 35.574701293566704, 1.746784727768132e-08, 37813795.969990745
23432860251.917866, 20312.735213391905, 0.0715771216974114, 35.31235031952836, 1.767050940846952e-08, 37697084.87604171
23440453622.19354, 20385.157651319227, 0.07043540963708833, 35.08730426146425, 1.766460357496586e-08, 37957731.0200155
23430270424.428295, 20147.23676795999, 0.07260005907380024, 35.484275072867106, 1.7564892150253537e-08, 37677986.54117387
23432979919.888878, 20304.497144865585, 0.07164059838930562, 35.36990530895467, 1.7587142236424468e-08, 37822094.456112936
23430603831.53389, 20187.27697575812, 0.07210110161340158, 35.37517685848392, 1.7594146205887675e-08, 37736721.59363472
23432633612.312073, 20089.7822224758, 0.07252767134639052, 35.45961964666887, 1.7482568409297616e-08, 37849128.23991707
23430338598.93577, 20145.520470204825, 0.07229003393414574, 35.42280231488375, 1.7529553659090592e-08, 37811117.39894823
23432138386.98752, 20155.053473895565, 0.07184536920007342, 35.672686249293335, 1.7456836584198878e-08, 37886707.44690454
23430301364.989113, 20170.87441793133, 0.071951069296017, 35.552444087480254, 1.750478149122139e-08, 37840736.411720105
23432170136.2845, 20233.34871181492, 0.071917695565612, 35.28079967533304, 1.765237920422251e-08, 37786510.95977236
23430141710.329792, 20169.97563114576, 0.07207385475035796, 35.50122588900829, 1.7513980259316616e-08, 37806974.71743615
23433232283.204205, 20023.762380210188, 0.07323970294057369, 35.63031560055498, 1.7475748808001546e-08, 37615209.28623439
23429637200.364067, 20234.384088794908, 0.07168498413002992, 35.3856194665395, 1.757433172573017e-08, 37854456.355756715
23431543861.87024, 20159.919574656604, 0.07213889886033875, 35.56336987382763, 1.748086950835725e-08, 37859786.97637931
23429812133.989628, 20180.43762548274, 0.07211055092513588, 35.42222511231985, 1.7565827031505067e-08, 37767487.93932086
23428818320.610275, 20215.64294232106, 0.07187817333599067, 35.51551353640223, 1.7559971404120118e-08, 37767939.38721485
23428645298.98021, 20250.70417837918, 0.07167224303691314, 35.561869147161474, 1.757518027663488e-08, 37746350.38134815
23430264002.718906, 20222.220898773696, 0.07210560747047787, 35.389641787678244, 1.7612903086154718e-08, 37700565.9622942
23430405809.232418, 20275.852201070524, 0.07125883705136565, 35.41995748821584, 1.757199680148304e-08, 37872347.601288565
23429512714.167736, 20179.390626237622, 0.07226475356819159, 35.46819567670429, 1.7566668313060913e-08, 37726576.806202546
23430464124.88903, 20183.73596124239, 0.07181694709377356, 35.54601232901513, 1.750549195634434e-08, 37860172.51773157
23429296068.127747, 20212.59966439087, 0.0720334423763018, 35.428734423012465, 1.7586050303702124e-08, 37740467.60115354
23430409695.29508, 20253.030842168366, 0.07183253486427096, 35.40543164128673, 1.7633242800936647e-08, 37727160.91607657
23429351000.00237, 20190.739433901414, 0.07201352477883621, 35.4772773270779, 1.7543795894721622e-08, 37787021.26709625
23429067267.107365, 20246.689571198858, 0.07175702823097319, 35.5064533038784, 1.7572583574034815e-08, 37774461.02530202
23429149751.043896, 20197.66530084827, 0.07221141266645643, 35.5913924845943, 1.7563379619131574e-08, 37655494.47668429
23428632332.452366, 20259.968633249813, 0.07161030686760073, 35.55809499758552, 1.7569727554229093e-08, 37754941.09443116
23428749872.471424, 20300.25763675591, 0.07128308351730528, 35.603044658026135, 1.757125717481318e-08, 37769123.23854548
23429191569.82507, 20276.311505325386, 0.07170024849246193, 35.58134041541497, 1.7602972636371367e-08, 37681664.56447142
23428300563.443645, 20279.93601120973, 0.07154705334146036, 35.690925716441406, 1.7567487160458564e-08, 37704697.015741274
23428366527.78897, 20313.60418461916, 0.07130385882403964, 35.82202136315588, 1.7558205588836784e-08, 37686811.72303514
23428838136.267326, 20217.673972628952, 0.0718189691648996, 35.58215384444948, 1.75363706374242e-08, 37772713.03293134
23429151637.642044, 20304.323645818342, 0.07115082759028236, 35.56840631921221, 1.7565160061981044e-08, 37845770.54321729
23428612872.836166, 20224.32988709079, 0.07194626639741292, 35.58564594324878, 1.756382472984394e-08, 37703063.49331754
23428612872.836166, 20246.355501824528, 0.0716809072923415, 35.685022555676255, 1.7552452569401457e-08, 37698244.98180576
--
37008834999.13962, 30000, 0.028, 30.0, 1.8000000000000002e-08, 36000000.0
29466991501.565502, 24000.0, 0.028, 30.0, 1.8000000000000002e-08, 36000000.0
26509874323.901566, 25200.0, 0.028, 30.0, 1.8000000000000002e-08, 36000000.0
27351768971.604076, 24000.0, 0.029400000000000003, 30.0, 1.8000000000000002e-08, 36000000.0
29248405310.93492, 24000.0, 0.028, 31.5, 1.8000000000000002e-08, 36000000.0
34397399298.26898, 24000.0, 0.028, 30.0, 1.8900000000000004e-08, 36000000.0
28963410846.029648, 24000.0, 0.028, 30.0, 1.8000000000000002e-08, 37800000.0
24866329203.393066, 24480.0, 0.02856, 30.6, 1.71e-08, 36720000.0
22827386621.186302, 24720.0, 0.028839999999999998, 30.900000000000006, 1.62e-08, 37080000.0
23816332794.122383, 24768.0, 0.028896, 30.96, 1.728e-08, 37152000.0
22225766410.41165, 25075.199999999997, 0.029254399999999996, 29.244000000000007, 1.6992000000000004e-08, 37612800.0
19581707688.05076, 25612.79999999999, 0.0298816, 28.116000000000014, 1.648800000000001e-08, 38419200.0
19075534248.08344, 25720.319999999992, 0.030007039999999995, 29.990400000000008, 1.6387200000000004e-08, 36060480.0
15568660640.002325, 26580.47999999998, 0.031010559999999986, 29.985600000000005, 1.55808e-08, 35190720.0
17284893232.35961, 26752.511999999988, 0.029251263999999992, 29.984640000000013, 1.5419520000000008e-08, 37536768.0
15886302760.441353, 26173.516799999983, 0.031151769599999993, 29.97849600000002, 1.4387328e-08, 38151475.2
14107364552.80096, 27167.723519999978, 0.031158077439999998, 28.62589440000003, 1.3950259200000006e-08, 37399265.28
11421374619.761974, 28367.58527999997, 0.03228911616, 27.458841600000042, 1.2285388800000012e-08, 37522897.92
10943611814.29301, 28674.757631999964, 0.032593723904, 27.309431040000035, 1.3464414720000015e-08, 37648424.448
10343985273.004848, 30652.136447999947, 0.034470585856000005, 25.514146560000057, 1.2096622080000023e-08, 37932636.67199999
10005175752.308487, 29797.69221119996, 0.0333877182464, 29.05268966400004, 1.1419863552000011e-08, 36114599.116799995
12360815698.22298, 31890.138316799945, 0.0351407773696, 29.521034496000055, 8.885795328000011e-09, 34962298.675199986
9956274528.610077, 29876.052295679947, 0.03567263594496, 26.811269529600054, 1.0888480972800014e-08, 36428163.56352
14496348035.318892, 31437.822443519923, 0.03888332191744, 25.224584294400074, 8.622961459200014e-09, 35873861.34527999
12685046394.95924, 31936.06169395194, 0.03558047688294401, 25.550522941440065, 1.0521134161920024e-08, 35124131.70892799
20681786465.852028, 33671.33117153272, 0.03754965323612162, 23.769388118016096, 7.303795826688031e-09, 38058251.59249918
11155361384.95574, 28353.192792883165, 0.0326453333090304, 28.431547029504028, 1.3511548956672009e-08, 35907602.8981248
13826179703.325817, 26882.60191715326, 0.03180567892361215, 29.356874811801617, 1.3559627582668803e-08, 38438228.35924992
10389445928.894516, 30672.69674975227, 0.034636777393111044, 26.502110909030453, 1.1280757517107219e-08, 35952655.87150847
11947447027.513716, 31373.12291900615, 0.036036104139800566, 27.06586387685381, 1.1393520431431697e-08, 35411365.32878129
10292102931.26727, 29118.969689751517, 0.033225863154950144, 27.360597169213484, 1.2062421707857934e-08, 36995014.772195324
12450164188.143044, 31693.82616487029, 0.03591209892913809, 25.66477850323361, 9.587709375234073e-09, 37461625.10028471
10156499739.093655, 29188.351135879944, 0.03346202471405732, 27.739854897936425, 1.2530589061312526e-08, 36296108.44866478
10341161602.875427, 28780.58396245225, 0.03345075377343593, 28.089312219269576, 1.2318433432480986e-08, 37553953.15776356
10950331845.972832, 28052.523269985497, 0.03320901247752135, 30.107342832007774, 1.1591293410580568e-08, 35422498.95157747
9978506518.310436, 30002.233153496334, 0.03415519251138034, 26.662445628001986, 1.1970289912645158e-08, 37305102.241894364
10171365419.147257, 30412.73543195083, 0.03451062005526318, 26.961430536231223, 1.123022465016527e-08, 35701642.09946621
10467489718.557373, 30591.85600153129, 0.03524941343387418, 27.530478933094415, 1.115335755171126e-08, 35743231.41594282
9999151602.599422, 29487.19126769646, 0.03373175072468115, 27.40306761018372, 1.1835155668821265e-08, 36682068.9331322
10172052661.898336, 28927.872593630236, 0.033653108801328345, 28.106300395657666, 1.222752701686632e-08, 37428774.82213833
9974327740.873941, 30041.519722370682, 0.034296242241779476, 27.247648001087832, 1.1479550241840532e-08, 36133425.280134246
10320181032.14146, 30493.52432429741, 0.03503539115362306, 27.13099327521303, 1.0506747077930265e-08, 36769235.20552755
9960643776.556053, 29514.64443298431, 0.033855366323948755, 27.587639492255576, 1.202462856546696e-08, 36414390.137880474
9892298626.084082, 29770.96413769113, 0.03529675685229989, 25.23213844045162, 1.1859378592629558e-08, 37070660.94582452
9970889209.433092, 29757.600100936717, 0.036251276155249826, 23.32186282867741, 1.2079136112944335e-08, 37548691.86033678
10181240190.781115, 30194.974229192503, 0.035578726825066215, 26.013388826375106, 1.1453775645331624e-08, 36658627.93456924
9906326576.905521, 29664.137008070473, 0.03419349474977742, 27.055647914231564, 1.1739810662948855e-08, 36676208.68349146
9786900095.784193, 29544.693885222285, 0.03517060593372588, 26.911291723048674, 1.1226449701629212e-08, 35784037.20244591
9691818259.6971, 29315.924251085256, 0.03567831264489865, 27.03571477057202, 1.085452959612124e-08, 35023504.682721674
9689747678.975346, 29215.169127833764, 0.03558238436457441, 26.241316057756507, 1.1467181114146121e-08, 36511745.92524101
9567100446.759735, 28801.993830565298, 0.03622545542597187, 25.73815008609084, 1.1460996550298914e-08, 36700906.24779439
9839860651.10474, 29456.98417625253, 0.03697129592321438, 25.161528804122867, 1.0696649984452473e-08, 36345387.51146035
9670452044.793695, 28927.949065785928, 0.035673490293504896, 25.278002476587517, 1.1756065181780401e-08, 36298503.66499697
9535181288.02379, 28845.389176481585, 0.03774462970617846, 24.322565916898384, 1.0911237299164179e-08, 35899376.537627704
9435194068.288158, 28436.01526068714, 0.03952019718437898, 22.95602491823179, 1.0496950617271841e-08, 35510960.464695826
9268214033.156763, 28204.582496059338, 0.038330743736487614, 25.23562998179039, 1.0246698179340389e-08, 34881044.08284317
8992771383.115778, 27421.391675243445, 0.03984773717858148, 25.23737575245977, 9.440357972695806e-09, 33786235.651352495
9332090096.19113, 27704.32545709429, 0.03780678116771996, 25.336578397453906, 1.090690998281481e-08, 34582656.7731642
9020548890.727009, 27200.745864665187, 0.03995115185516422, 22.782737881757505, 1.076998252582347e-08, 35728200.438079864
8774174823.484676, 26897.83976951622, 0.0416670388312217, 23.542344337810007, 9.474013877781537e-09, 34225080.16503774
8383154648.758045, 25882.78512138137, 0.044663813100080094, 22.67451526842126, 8.332988225782107e-09, 33188368.41505812
8411855776.949039, 25856.111521063278, 0.04449041676839802, 21.856742801238852, 8.5178791794563e-09, 32417662.449145824
8846110802.622211, 25190.128595091897, 0.043183762843598525, 24.199155122300724, 8.690296537357158e-09, 32370289.02602437
8118231682.404423, 24916.139653883783, 0.04704797153060898, 21.363632333017343, 7.393691793631124e-09, 32413645.61870008
7720168900.615843, 23522.046752278526, 0.0516685667120535, 19.377159300799065, 5.63708269903928e-09, 31329140.041468024
7886746043.410341, 23948.23960135822, 0.04959056678592043, 22.55524141633036, 5.477459319908791e-09, 29508477.795139663
8018796905.127108, 22338.332961225868, 0.05359111330543875, 19.027749811176335, 5.221924411921647e-09, 29739339.439381905
7414535517.656504, 23428.877787831014, 0.0544180278251578, 17.997408316885625, 4.584636997086092e-09, 30102906.230053037
7017100525.590294, 22548.252384200576, 0.06003516031593745, 14.896534914178076, 2.5318072269505607e-09, 28969214.83206737
7394290706.455844, 21439.75120711454, 0.05932927131937407, 17.55573748312319, 2.3626255739846544e-09, 28676153.760100216
8094161919.01452, 19635.86404108972, 0.06502205827540959, 14.690453901821549, 1.5937146693986494e-10, 26100561.932204753
7484623464.311787, 21197.594311162633, 0.05993249698157722, 16.68646924347148, 2.202775656650425e-09, 27872513.5529181
7084960202.106525, 22724.020741219923, 0.05863131154050631, 17.400707131984532, 2.062775778691838e-09, 28802860.55329545
6808752290.031616, 20624.42655703226, 0.066248155961859, 11.811401813092175, 4.4136745421791234e-10, 28751475.300799996
6932844708.752773, 18962.52003486929, 0.0745769505498283, 6.439482011473082, -2.0766784786275268e-09, 28372974.05363016
6725973022.449165, 19891.571328013444, 0.07000199173564813, 11.96318093354072, -1.7965420228411243e-09, 25899747.15820442
7173281424.769587, 18076.333615880903, 0.07916870424744543, 8.256191749911551, -5.5133543837813266e-09, 23185050.716572613
6666279774.149797, 21693.614575869673, 0.06576585936775278, 12.764555666895998, 3.8037947751111574e-11, 28567267.08886888
6932277041.162677, 21941.624708223193, 0.06868254056084054, 10.803598878608256, -1.0443309066985451e-09, 28914643.85684426
6639517628.692568, 21553.003027419814, 0.06894372024930742, 9.97881470075341, -1.051647020076535e-09, 27720072.213194236
7077044418.2143545, 21609.628937572452, 0.0737509447142741, 6.190353309568522, -2.7587833171071295e-09, 27242031.439741254
6341320644.154068, 19800.32640779439, 0.07376664351169561, 7.16508807939962, -1.9975663442910677e-09, 27160250.083958514
6554666001.746969, 18338.479241081623, 0.08133430949729026, 2.0472785531071622, -4.027737405782521e-09, 26338944.849290043
6463896731.539493, 18876.924374251263, 0.07785538801456773, 6.576681563294692, -4.278347221046442e-09, 26270309.90594305
6094252681.681591, 20101.749328307167, 0.07628528518972967, 7.567926564461601, -4.075793318419535e-09, 25495583.27926764
5966710697.907382, 19840.41071394462, 0.08130384980366501, 5.446188940146314, -6.334373704738258e-09, 23867637.26850146
6481420961.845739, 20814.14031169846, 0.07705219264314729, 4.809350646655293, -3.653016514119352e-09, 27534467.465982035
5809185318.203123, 18660.307358173748, 0.08580285832120044, 0.8258939052037348, -6.964018269459773e-09, 24453827.686162844
6029057471.6819935, 17143.653749325786, 0.09582135779792428, -5.143436975642395, -1.0465046378065216e-08, 22397107.98480983
6201575772.368204, 17643.840638925176, 0.08936865266840302, -0.04953344687354999, -8.23928180138542e-09, 23994524.75102493
7450999161.588753, 17114.583485537223, 0.08618676428466542, 3.176376969813031, -7.472418422249031e-09, 22764152.41225429
5998983516.671637, 19889.25110515815, 0.07933583555352683, 4.401107227444728, -4.607866991151772e-09, 26341888.7025501
5846465799.341526, 19456.73011534717, 0.08597574792882862, 0.5388163188336463, -6.9788956233640735e-09, 24056941.490936086
5481091791.3618355, 18395.889564825156, 0.09494813419855395, -2.700098901497671, -1.125220821174865e-08, 21925677.875711657
5256180436.85381, 17693.671143340543, 0.10553887954198313, -7.632692391946316, -1.587952914547744e-08, 19308391.77158822
7095912000.0877, 20572.307535460517, 0.0858142157912786, 1.4812590467463926, -8.066591692291106e-09, 23216950.01687055
5732031572.126022, 18375.95736305901, 0.08848004344912191, 0.33316467653143567, -8.196109274111842e-09, 23800131.06748634
5363339419.15229, 17721.579572387887, 0.09950471606439282, -4.596558647937202, -1.3133303415708785e-08, 19852883.011319883
5451728992.329332, 16922.887506978725, 0.10481704831854574, -9.658739395872194, -1.4126368586510508e-08, 20721232.742495887
5790562429.602434, 16293.031062228787, 0.10768167034926901, -8.830389060441863, -1.634083585314327e-08, 19197645.02068518
5284502790.66539, 16142.543301024227, 0.11660608476812462, -12.97997983307019, -2.0106440240520967e-08, 16698285.75926736
5517595727.63031, 18449.624492487375, 0.09829703850759833, -4.983533176475921, -1.2235864411788549e-08, 20954724.72017789
4982759427.068763, 16396.165043428497, 0.12142546343113594, -16.273766054652164, -2.199649304589066e-08, 15214076.134453356
4891395223.5800705, 15406.268883613244, 0.13789817342214294, -24.57723142024396, -2.8896684931780062e-08, 10921048.667936862
5687034047.234638, 15105.15567045047, 0.1274489223384774, -18.794547499152024, -2.462106611621056e-08, 14046012.060865395
5239165381.37636, 17613.50728697815, 0.1055850094653181, -8.436286757144947, -1.533216483789405e-08, 19227546.555349767
5056368608.251674, 16908.140567958893, 0.12123609698623891, -13.63036022426485, -2.3212880442042016e-08, 13682029.563688956
4829869739.615628, 15784.07290077813, 0.13524098160913028, -22.306061602730903, -2.8237776423377023e-08, 12082037.915812582
4808347729.689327, 14815.319564973252, 0.153109114381499, -31.160813080127753, -3.5790012927211136e-08, 8196615.368058935
5317533756.822269, 16832.219677721412, 0.13274082475074825, -21.19497371642094, -2.753806867324092e-08, 11835967.011381738
5018179938.096993, 16314.962395198523, 0.12063976976378052, -15.033728303907878, -2.1964347348700957e-08, 15482706.072295954
4950121873.345148, 14729.608336148282, 0.1498483860656087, -29.50267552232944, -3.4198907049573855e-08, 7695586.719343968
5639724408.851159, 13656.212612178726, 0.16750760678238993, -37.1256366632046, -4.229296824182916e-08, 3163648.001180105
4977683453.782952, 16624.183618278294, 0.12106565879458606, -15.60862423365986, -2.207236568887783e-08, 15211571.916807352
5383924913.500002, 14247.996551325745, 0.15178834398480798, -32.72286879984271, -3.395604673641551e-08, 9320981.934088275
4885758307.8155575, 16243.104563800607, 0.12887415873588118, -18.403487368159315, -2.5898672015635388e-08, 12591767.656288786
4761683372.019894, 14812.431591526947, 0.15567842679610663, -32.66740434590025, -3.677830969653035e-08, 6363930.059078408
6490461312.809124, 14061.166189691161, 0.17319775531226972, -41.48424236689644, -4.4185290870445045e-08, 1804542.0524696372
5414809600.086733, 13778.509557746638, 0.16909764496590932, -38.916020461044425, -4.2552668959414483e-08, 3096007.4714754317
4845866283.437623, 15912.765103145379, 0.13307365533741689, -21.435473290506003, -2.7192441506511992e-08, 12182680.80547437
4863946233.606197, 16146.34754667549, 0.13360502540360994, -21.79508827964547, -2.7623541381493726e-08, 12406830.30339098
4797674073.98812, 15765.718464435424, 0.14383797883966254, -25.607675125491554, -3.2416506079172977e-08, 9775681.00897973
4739357122.764362, 14737.928344501986, 0.15884752156743684, -34.6630942805091, -3.802165262073267e-08, 6978527.361704184
4906036050.170588, 13985.34023485268, 0.17383420298321467, -42.79289773668399, -4.4083142923281315e-08, 4171907.214411881
4897394577.713844, 14271.317680757704, 0.16421365336523877, -36.41869576936839, -4.045602775056993e-08, 4992143.53792727
4779929154.949514, 15677.590080196043, 0.14125718239401713, -25.4509901520762, -3.0831662973762773e-08, 10553158.612025052
4740268667.373392, 14410.830115108081, 0.16801843425407198, -38.38451750313594, -4.234281621245197e-08, 4564484.158464152
4731218687.554405, 15346.479873334141, 0.1539467031590191, -31.54865948271746, -3.636636610584917e-08, 7097697.112041676
4853225692.565961, 15612.060027514584, 0.15436549754777917, -31.74258268401232, -3.6654542695168184e-08, 6548237.984033048
4869039998.641453, 14228.385537431455, 0.1672613284285981, -39.47819118024404, -4.13198169645578e-08, 4447437.912345659
4731206963.424456, 15381.385232684432, 0.14969381623689643, -29.075304139179675, -3.464233380051918e-08, 8443620.234821212
4907738861.886734, 14198.031982666189, 0.17321677841139527, -41.08460174850077, -4.4428928400670576e-08, 2826144.9584188014
4730758186.030287, 15307.700555813579, 0.14924708139836168, -29.359393051182344, -3.4230979330489724e-08, 8621405.19862349
4719799475.14127, 15261.298057049939, 0.1562229958502078, -32.544983036789546, -3.746334953148674e-08, 7918363.567183476
4812298477.042192, 15485.731289811432, 0.1564952803772584, -32.48377238223419, -3.7805869448964946e-08, 8695580.32123601
4848675592.885778, 16003.086710245545, 0.13916481303069678, -24.492056093015314, -2.994705634317902e-08, 11059361.231285464
4695926302.875551, 14808.894263892447, 0.16080502894822818, -34.91140215060578, -3.9243876245133734e-08, 6188203.42666948
4824356250.357826, 15704.37484860783, 0.1491187286696484, -28.312802463680825, -3.4757109384658734e-08, 8329188.454031549
4706256961.786652, 14979.539970528447, 0.15641532334298974, -33.07552132630203, -3.720551681171419e-08, 7316192.634786025
4726021486.245066, 14949.047358653395, 0.15500699515165445, -32.03798199890628, -3.6748056181888266e-08, 8297416.912791798
4705031208.954631, 14741.206849690694, 0.1613851536396803, -35.696408486334704, -3.931437743976587e-08, 6893012.461200494
4689264619.939821, 14588.294044112386, 0.16668711737474257, -37.947125748393, -4.17590911535058e-08, 6023870.402429022
4716097490.5909, 14228.59078826179, 0.175407135362933, -42.240992096998326, -4.5523147065013836e-08, 4725103.00433179
4672425498.007776, 14802.64591545617, 0.16559925251068502, -37.63219430046373, -4.124642829075428e-08, 5438440.084115604
4673677266.576416, 14729.445193857558, 0.1708953811902003, -40.429300451242455, -4.3495614345187284e-08, 4008951.669777509
4790158096.108167, 14306.934360422118, 0.16813375447632248, -39.16007776805016, -4.20443664448628e-08, 4825524.036496773
4689755522.195053, 15022.707132892983, 0.15920068550673647, -34.1987567196047, -3.860860375983076e-08, 7145153.6845118
4670005345.306025, 14605.95931188943, 0.1690555718490393, -39.07883363585872, -4.2863433943881993e-08, 5359279.388784535
4665882381.707084, 14419.168982569921, 0.17537569610206405, -42.08048979063706, -4.56923925099659e-08, 4380822.7657837905
4665642283.129736, 14715.477285878867, 0.16968195853730222, -39.01157899754702, -4.330577934391033e-08, 4777583.684203386
4678179489.525499, 14702.612503972952, 0.17383036098611315, -40.669164253153184, -4.530148029598257e-08, 3719869.295704834
4659798778.419462, 14610.423080471688, 0.173812855064384, -41.43665607205243, -4.5001041778053096e-08, 4918144.8217479605
4665038556.719663, 14511.187488761312, 0.1803167681224619, -44.69928303277575, -4.787962454451276e-08, 4283115.519287201
4706596270.500597, 14231.696590502632, 0.18126206632893474, -45.044461244032604, -4.819328947064499e-08, 3070391.018800105
4673275410.194411, 14824.954497295395, 0.16471603071228602, -36.91018285071168, -4.100477518753432e-08, 6126463.018083876
4683710729.9931755, 14760.773860556426, 0.17298719979594596, -40.88131505617178, -4.474107569058136e-08, 4232711.347144825
4667757709.641348, 14717.653906445415, 0.17141217919064514, -40.147767729227084, -4.399557955631246e-08, 4680501.110965874
4666831476.61421, 14481.193171033432, 0.17763674584974615, -43.213291905259254, -4.669171340406411e-08, 3551733.9686427694
4663272249.432425, 14374.92065510356, 0.18156852138697155, -44.723719497425414, -4.8628174346168085e-08, 3485074.456421908
4666465162.353104, 14322.819363577571, 0.17981813158554202, -44.038526775941406, -4.7732060996552155e-08, 3764842.767754052
4658019677.026749, 14495.930576007213, 0.17446611922075939, -41.3030965481821, -4.5452066185795714e-08, 4978853.429721668
4661607369.557386, 14503.299278494102, 0.17288080590626598, -40.34799886964352, -4.483224257666153e-08, 5692413.160261117
4665051303.644693, 14723.548868434933, 0.1701439285390504, -39.38368958639619, -4.34997206690051e-08, 5251348.895397434
4676213464.04576, 14748.951203788583, 0.17249365699732294, -40.2630064900042, -4.466232041920704e-08, 4983579.349213153
4659362095.30069, 14501.614537874586, 0.1746551863258788, -41.626118965478845, -4.5434874487276186e-08, 4531511.911641131
4654494928.541796, 14367.097801277927, 0.18017668567751538, -44.37773327026697, -4.790057164260895e-08, 4488389.721768653
4656722437.949263, 14192.90805897746, 0.1854240492476219, -47.060810406626956, -5.019796779195825e-08, 4343792.740551285
4665668959.768381, 14216.445791859052, 0.18372781853115325, -46.00324015496611, -4.946697070695572e-08, 3709440.841123093
4659092192.94286, 14596.773099290964, 0.17353990103707612, -41.03857722853867, -4.4991533178492755e-08, 4865871.881828848
4664725360.863269, 14653.814982865391, 0.16909177754327398, -39.1891533363822, -4.2883860562722603e-08, 6028034.250261396
4656931005.444113, 14444.644237044018, 0.17844933542604716, -43.34007795716461, -4.719209590030672e-08, 4120814.40488178
4659937971.163291, 14352.001020126196, 0.1787020360105267, -43.23758551580005, -4.738741477973903e-08, 4276031.718188873
4657151794.398418, 14545.817565385314, 0.17503515030091965, -41.88688843298934, -4.559763502847458e-08, 4757616.5458581885
4654628811.235034, 14478.490773727586, 0.17801169033904835, -43.152430409377835, -4.701868628699529e-08, 4753106.4819825245
4654570986.160334, 14336.019282085861, 0.18091569134863983, -44.58551341865366, -4.827288883917974e-08, 4373640.351856276
4656860523.594843, 14372.897287801072, 0.18256930201610877, -45.63396084719888, -4.894068489323038e-08, 4018573.5728172995
4655986764.846966, 14253.842187389273, 0.18501393162202412, -46.54899792807545, -5.0132335996453847e-08, 3944193.2674644245
4652787161.717001, 14278.69469586867, 0.18422558497528743, -46.379376392264504, -4.971397116308057e-08, 4510346.953473891
4652971394.948723, 14195.719925280999, 0.18711370974990754, -47.89902560981446, -5.097490879446749e-08, 4705113.227769947
4655078637.80519, 14312.760608338656, 0.18076813156889726, -44.3836597202565, -4.8274696678096973e-08, 4809297.137801008
4654638335.878475, 14455.38307713021, 0.1766251819417312, -42.60248735625234, -4.633998984753077e-08, 5229718.991288518
4655091886.723038, 14453.513643697446, 0.17921380214399169, -44.05535661846963, -4.742374643366114e-08, 4532783.862346936
4653849784.897949, 14347.948867178355, 0.18037954921267085, -44.301583944809785, -4.8061959116988016e-08, 4740168.81893749
4656031839.070924, 14267.917490925152, 0.18485849867953352, -46.516167617896755, -5.004724097201026e-08, 3916541.9399190163
4656031839.070924, 14408.516680578945, 0.1786835111261818, -43.58090742166344, -4.726680262865064e-08, 4901424.728446143