$MeshFormat
4.1 0 8
$EndMeshFormat
$PhysicalNames
7
1 10 "initial_boundary"
1 11 "Fe-MGO_boundary1"
1 12 "Fe-MGO_boundary2"
1 13 "Fe-MGO_boundary3"
1 14 "top_wall_Fe"
1 15 "bottom_wall"
2 9 "plane_surface"
$EndPhysicalNames
$Entities
8 8 1 0
1 0 0 0 0 
2 0 6 0 0 
3 6 6 0 0 
4 6 4 0 0 
5 4 4 0 0 
6 4 2 0 0 
7 2 2 0 0 
8 2 0 0 0 
1 0 0 0 2 0 0 1 15 2 1 -8 
2 2 0 0 2 2 0 1 11 2 8 -7 
3 2 2 0 4 2 0 1 15 2 7 -6 
4 4 2 0 4 4 0 1 12 2 6 -5 
5 4 4 0 6 4 0 1 15 2 5 -4 
6 6 4 0 6 6 0 1 13 2 4 -3 
7 0 6 0 6 6 0 1 14 2 3 -2 
8 0 0 0 0 6 0 1 10 2 2 -1 
1 0 0 0 6 6 0 1 9 8 8 1 2 3 4 5 6 7 
$EndEntities
$Nodes
17 44 1 44
0 1 0 1
1
0 0 0
0 2 0 1
2
0 6 0
0 3 0 1
3
6 6 0
0 4 0 1
4
6 4 0
0 5 0 1
5
4 4 0
0 6 0 1
6
4 2 0
0 7 0 1
7
2 2 0
0 8 0 1
8
2 0 0
1 1 1 1
9
0.999999999997388 0 0 0.499999999998694
1 2 1 1
10
2 0.999999999997388 0 0.499999999998694
1 3 1 1
11
3 2 0 0.5
1 4 1 1
12
4 3 0 0.5
1 5 1 1
13
5 4 0 0.5
1 6 1 1
14
6 5 0 0.5
1 7 1 5
15
16
17
18
19
5.000000000006334 6 0 0.1666666666656108
4.000000000003881 6 0 0.3333333333326865
3.000000000008335 6 0 0.4999999999986108
2.00000000000562 6 0 0.6666666666657299
1.00000000000281 6 0 0.833333333332865
1 8 1 5
20
21
22
23
24
0 5.000000000006334 0 0.1666666666656108
0 4.000000000003881 0 0.3333333333326865
0 3.000000000008335 0 0.4999999999986108
0 2.00000000000562 0 0.6666666666657299
0 1.00000000000281 0 0.833333333332865
2 1 1 20
25
26
27
28
29
30
31
32
33
34
35
36
37
38
39
40
41
42
43
44
1.056446203518349 3.516905234235773 0 3.516905234235773 1.056446203518349
2.5 2.866025403784438 0 2.866025403784438 2.5
2.437467399591319 5.118000143234704 0 5.118000143234704 2.437467399591319
4.500000000005108 5.133974596220233 0 5.133974596220233 4.500000000005108
1.133974596216692 1.499999999998694 0 1.499999999998694 1.133974596216692
3.47774801427707 4.986023692129255 0 4.986023692129255 3.47774801427707
2.774294416747404 4.101000643972693 0 4.101000643972693 2.774294416747404
1.73467173120029 4.324304654405077 0 4.324304654405077 1.73467173120029
1.03682513600625 2.472991165912894 0 2.472991165912894 1.03682513600625
0.8437658497758332 4.515557566818361 0 4.515557566818361 0.8437658497758332
1.858652533886425 3.483956893653039 0 3.483956893653039 1.858652533886425
1.488766617096571 5.232896552667492 0 5.232896552667492 1.488766617096571
3.290345978376839 3.344134411413938 0 3.344134411413938 3.290345978376839
5.342548333842071 4.733682283163233 0 4.733682283163233 5.342548333842071
0.7336822831625913 0.6574516661591415 0 0.6574516661591415 0.7336822831625913
0.7251700367813791 5.274829963221134 0 5.274829963221134 0.7251700367813791
3.344647820968746 2.655378511474779 0 2.655378511474779 3.344647820968746
1.79737131180235 2.756220559422276 0 2.756220559422276 1.79737131180235
1.422017935192089 0.5798121337227358 0 0.5798121337227358 1.422017935192089
5.420187866277356 5.422017935191723 0 5.422017935191723 5.420187866277356
$EndNodes
$Elements
17 94 1 94
0 1 15 1
87 1 
0 2 15 1
88 2 
0 3 15 1
89 3 
0 4 15 1
90 4 
0 5 15 1
91 5 
0 6 15 1
92 6 
0 7 15 1
93 7 
0 8 15 1
94 8 
1 1 1 2
1 1 9 
2 9 8 
1 2 1 2
3 8 10 
4 10 7 
1 3 1 2
5 7 11 
6 11 6 
1 4 1 2
7 6 12 
8 12 5 
1 5 1 2
9 5 13 
10 13 4 
1 6 1 2
11 4 14 
12 14 3 
1 7 1 6
13 3 15 
14 15 16 
15 16 17 
16 17 18 
17 18 19 
18 19 2 
1 8 1 6
19 2 20 
20 20 21 
21 21 22 
22 22 23 
23 23 24 
24 24 1 
2 1 2 62
25 26 31 35 
26 31 26 37 
27 5 13 28 
28 22 23 33 
29 23 24 29 
30 23 29 33 
31 16 17 30 
32 25 32 34 
33 32 25 35 
34 5 28 30 
35 25 22 33 
36 5 30 31 
37 28 16 30 
38 17 27 30 
39 28 13 38 
40 29 24 39 
41 31 32 35 
42 5 31 37 
43 25 33 42 
44 35 25 42 
45 30 27 31 
46 31 27 32 
47 15 16 28 
48 10 7 29 
49 17 18 27 
50 7 11 26 
51 29 7 33 
52 21 22 25 
53 21 25 34 
54 1 9 39 
55 24 1 39 
56 13 4 38 
57 4 14 38 
58 20 21 34 
59 32 27 36 
60 27 18 36 
61 12 5 37 
62 34 32 36 
63 19 2 40 
64 2 20 40 
65 18 19 36 
66 10 29 43 
67 15 28 44 
68 11 6 41 
69 6 12 41 
70 26 11 41 
71 29 39 43 
72 28 38 44 
73 34 36 40 
74 33 7 42 
75 7 26 42 
76 9 8 43 
77 14 3 44 
78 8 10 43 
79 3 15 44 
80 20 34 40 
81 37 26 41 
82 36 19 40 
83 26 35 42 
84 12 37 41 
85 39 9 43 
86 38 14 44 
$EndElements
